0.005 	 0.082 	 0
0.006 	 0.069 	 0
0.006 	 0.069 	 0
0.006 	 0.127 	 0
0.007 	 0.379 	 0
0.007 	 0.051 	 0
0.007 	 0.028 	 0
0.007 	 0.029 	 0
0.007 	 0.023 	 0
0.007 	 0.029 	 0
0.007 	 0.064 	 0
0.008 	 0.034 	 0
0.008 	 0.089 	 0
0.008 	 0.022 	 0
0.008 	 0.065 	 0
0.008 	 0.017 	 0
0.008 	 0.025 	 0
0.008 	 0.065 	 0
0.008 	 0.035 	 0
0.008 	 0.099 	 0
0.008 	 0.080 	 0
0.009 	 0.033 	 0
0.009 	 0.086 	 0
0.009 	 0.050 	 0
0.009 	 0.018 	 0
0.009 	 0.116 	 0
0.009 	 0.062 	 0
0.009 	 0.466 	 0
0.010 	 0.076 	 0
0.010 	 0.035 	 0
0.010 	 0.056 	 0
0.010 	 0.115 	 0
0.010 	 0.030 	 0
0.010 	 0.017 	 0
0.010 	 0.027 	 0
0.010 	 0.017 	 0
0.010 	 0.138 	 0
0.010 	 0.076 	 0
0.010 	 0.100 	 0
0.010 	 0.055 	 0
0.010 	 0.107 	 0
0.011 	 0.047 	 0
0.011 	 0.099 	 0
0.011 	 0.381 	 0
0.011 	 0.100 	 0
0.011 	 0.022 	 0
0.011 	 0.022 	 0
0.011 	 0.072 	 0
0.011 	 0.066 	 0
0.011 	 0.089 	 0
0.011 	 0.094 	 0
0.012 	 0.078 	 0
0.012 	 0.016 	 0
0.012 	 0.034 	 0
0.012 	 0.138 	 0
0.012 	 0.039 	 0
0.012 	 0.074 	 0
0.012 	 0.067 	 0
0.012 	 0.022 	 0
0.012 	 0.073 	 0
0.012 	 0.018 	 0
0.012 	 0.057 	 0
0.012 	 0.505 	 0
0.012 	 0.014 	 0
0.012 	 0.022 	 0
0.012 	 0.018 	 0
0.012 	 0.074 	 0
0.012 	 0.067 	 0
0.012 	 0.066 	 0
0.013 	 0.080 	 0
0.013 	 0.107 	 0
0.013 	 0.086 	 0
0.013 	 0.026 	 0
0.013 	 0.044 	 0
0.013 	 0.025 	 0
0.013 	 0.306 	 0
0.013 	 0.220 	 0
0.014 	 0.095 	 0
0.014 	 0.064 	 0
0.014 	 0.055 	 0
0.014 	 0.139 	 0
0.014 	 0.019 	 0
0.014 	 0.193 	 0
0.014 	 0.050 	 0
0.014 	 0.021 	 0
0.014 	 0.068 	 0
0.014 	 0.091 	 0
0.014 	 0.016 	 0
0.014 	 0.024 	 0
0.014 	 0.030 	 0
0.014 	 0.028 	 0
0.014 	 0.036 	 0
0.014 	 0.095 	 0
0.014 	 0.078 	 0
0.015 	 0.026 	 0
0.015 	 0.026 	 0
0.015 	 0.061 	 0
0.015 	 0.024 	 0
0.015 	 0.028 	 0
0.015 	 0.032 	 0
0.015 	 0.035 	 0
0.015 	 0.065 	 0
0.015 	 0.030 	 0
0.015 	 0.082 	 0
0.015 	 0.091 	 0
0.015 	 0.048 	 0
0.015 	 0.038 	 0
0.015 	 0.040 	 0
0.015 	 0.063 	 0
0.015 	 0.028 	 0
0.015 	 0.039 	 0
0.015 	 0.114 	 0
0.015 	 0.161 	 0
0.015 	 0.082 	 0
0.015 	 0.038 	 0
0.015 	 0.140 	 0
0.015 	 0.041 	 0
0.015 	 0.049 	 0
0.015 	 0.029 	 0
0.015 	 0.020 	 0
0.015 	 0.185 	 0
0.015 	 0.016 	 0
0.015 	 0.041 	 0
0.016 	 0.044 	 0
0.016 	 0.078 	 0
0.016 	 0.329 	 0
0.016 	 0.072 	 0
0.016 	 0.049 	 0
0.016 	 0.046 	 0
0.016 	 0.049 	 0
0.016 	 0.029 	 0
0.016 	 0.096 	 0
0.016 	 0.020 	 0
0.016 	 0.096 	 0
0.016 	 0.129 	 0
0.016 	 0.087 	 0
0.016 	 0.022 	 0
0.016 	 0.032 	 0
0.016 	 0.029 	 0
0.016 	 0.055 	 0
0.016 	 0.149 	 0
0.016 	 0.080 	 0
0.016 	 0.061 	 0
0.016 	 0.433 	 0
0.016 	 0.194 	 0
0.016 	 0.022 	 0
0.016 	 0.015 	 0
0.016 	 0.040 	 0
0.016 	 0.045 	 0
0.016 	 0.072 	 0
0.016 	 0.044 	 0
0.016 	 0.037 	 0
0.016 	 0.043 	 0
0.016 	 0.074 	 0
0.017 	 0.121 	 0
0.017 	 0.112 	 0
0.017 	 0.032 	 0
0.017 	 0.053 	 0
0.017 	 0.047 	 0
0.017 	 0.020 	 0
0.017 	 0.052 	 0
0.017 	 0.116 	 0
0.017 	 0.027 	 0
0.017 	 0.136 	 0
0.017 	 0.096 	 0
0.017 	 0.045 	 1
0.017 	 0.096 	 0
0.017 	 0.143 	 0
0.017 	 0.054 	 0
0.017 	 0.018 	 0
0.017 	 0.081 	 0
0.017 	 0.019 	 0
0.017 	 0.037 	 0
0.017 	 0.044 	 0
0.017 	 0.052 	 0
0.017 	 0.070 	 0
0.017 	 0.128 	 0
0.017 	 0.023 	 0
0.017 	 0.033 	 0
0.017 	 0.071 	 0
0.017 	 0.056 	 0
0.017 	 0.033 	 0
0.017 	 0.032 	 0
0.017 	 0.031 	 0
0.017 	 0.037 	 0
0.017 	 0.035 	 0
0.017 	 0.025 	 0
0.017 	 0.027 	 0
0.017 	 0.046 	 0
0.017 	 0.005 	 0
0.017 	 0.039 	 0
0.017 	 0.053 	 0
0.017 	 0.024 	 0
0.017 	 0.116 	 0
0.017 	 0.020 	 0
0.017 	 0.050 	 0
0.018 	 0.036 	 0
0.018 	 0.031 	 0
0.018 	 0.102 	 0
0.018 	 0.057 	 0
0.018 	 0.020 	 0
0.018 	 0.063 	 0
0.018 	 0.078 	 0
0.018 	 0.050 	 0
0.018 	 0.028 	 0
0.018 	 0.017 	 0
0.018 	 0.054 	 0
0.018 	 0.029 	 0
0.018 	 0.040 	 0
0.018 	 0.040 	 0
0.018 	 0.021 	 0
0.018 	 0.024 	 0
0.018 	 0.064 	 0
0.018 	 0.021 	 0
0.018 	 0.057 	 0
0.018 	 0.051 	 0
0.018 	 0.062 	 0
0.018 	 0.062 	 0
0.018 	 0.009 	 0
0.018 	 0.361 	 0
0.018 	 0.084 	 0
0.018 	 0.054 	 0
0.018 	 0.077 	 0
0.018 	 0.061 	 0
0.018 	 0.016 	 0
0.018 	 0.030 	 0
0.018 	 0.157 	 0
0.018 	 0.019 	 0
0.018 	 0.035 	 0
0.018 	 0.027 	 0
0.018 	 0.044 	 0
0.018 	 0.104 	 0
0.018 	 0.079 	 0
0.018 	 0.082 	 0
0.018 	 0.026 	 0
0.018 	 0.016 	 0
0.018 	 0.039 	 0
0.018 	 0.068 	 0
0.018 	 0.041 	 0
0.018 	 0.062 	 0
0.018 	 0.034 	 0
0.018 	 0.152 	 0
0.018 	 0.018 	 0
0.018 	 0.028 	 0
0.018 	 0.057 	 0
0.018 	 0.045 	 0
0.018 	 0.044 	 0
0.018 	 0.245 	 0
0.018 	 0.158 	 0
0.019 	 0.031 	 0
0.019 	 0.018 	 0
0.019 	 0.028 	 0
0.019 	 0.030 	 0
0.019 	 0.086 	 0
0.019 	 0.032 	 0
0.019 	 0.018 	 0
0.019 	 0.040 	 0
0.019 	 0.035 	 0
0.019 	 0.064 	 0
0.019 	 0.176 	 0
0.019 	 0.075 	 0
0.019 	 0.179 	 0
0.019 	 0.064 	 0
0.019 	 0.032 	 0
0.019 	 0.062 	 0
0.019 	 0.108 	 0
0.019 	 0.042 	 0
0.019 	 0.028 	 0
0.019 	 0.042 	 0
0.019 	 0.011 	 0
0.019 	 0.041 	 0
0.019 	 0.051 	 0
0.019 	 0.054 	 0
0.019 	 0.124 	 0
0.019 	 0.045 	 0
0.019 	 0.020 	 0
0.019 	 0.026 	 0
0.019 	 0.023 	 0
0.019 	 0.032 	 0
0.019 	 0.026 	 0
0.019 	 0.035 	 0
0.019 	 0.137 	 0
0.019 	 0.057 	 0
0.019 	 0.039 	 0
0.019 	 0.086 	 0
0.019 	 0.042 	 0
0.019 	 0.090 	 0
0.019 	 0.371 	 0
0.019 	 0.058 	 0
0.019 	 0.107 	 0
0.019 	 0.022 	 0
0.019 	 0.043 	 0
0.019 	 0.064 	 0
0.019 	 0.024 	 0
0.019 	 0.061 	 0
0.019 	 0.091 	 0
0.019 	 0.076 	 0
0.019 	 0.343 	 0
0.019 	 0.021 	 0
0.019 	 0.029 	 0
0.019 	 0.020 	 0
0.019 	 0.074 	 0
0.020 	 0.090 	 0
0.020 	 0.223 	 0
0.020 	 0.123 	 0
0.020 	 0.042 	 0
0.020 	 0.086 	 0
0.020 	 0.065 	 0
0.020 	 0.035 	 0
0.020 	 0.152 	 0
0.020 	 0.027 	 0
0.020 	 0.033 	 0
0.020 	 0.053 	 0
0.020 	 0.531 	 0
0.020 	 0.132 	 0
0.020 	 0.062 	 0
0.020 	 0.037 	 0
0.020 	 0.015 	 0
0.020 	 0.021 	 0
0.020 	 0.099 	 0
0.020 	 0.028 	 0
0.020 	 0.018 	 0
0.020 	 0.025 	 0
0.020 	 0.071 	 0
0.020 	 0.051 	 0
0.020 	 0.057 	 0
0.020 	 0.051 	 0
0.020 	 0.040 	 0
0.020 	 0.028 	 0
0.020 	 0.014 	 0
0.020 	 0.069 	 0
0.020 	 0.026 	 0
0.020 	 0.073 	 0
0.020 	 0.052 	 0
0.020 	 0.052 	 0
0.020 	 0.115 	 0
0.020 	 0.069 	 0
0.020 	 0.036 	 0
0.020 	 0.107 	 0
0.020 	 0.077 	 0
0.020 	 0.125 	 0
0.020 	 0.013 	 0
0.020 	 0.066 	 0
0.020 	 0.086 	 0
0.020 	 0.026 	 1
0.020 	 0.029 	 0
0.021 	 0.048 	 0
0.021 	 0.056 	 0
0.021 	 0.031 	 0
0.021 	 0.011 	 0
0.021 	 0.075 	 0
0.021 	 0.136 	 0
0.021 	 0.015 	 0
0.021 	 0.069 	 0
0.021 	 0.068 	 0
0.021 	 0.014 	 0
0.021 	 0.041 	 0
0.021 	 0.017 	 0
0.021 	 0.179 	 0
0.021 	 0.076 	 0
0.021 	 0.130 	 0
0.021 	 0.075 	 0
0.021 	 0.025 	 0
0.021 	 0.105 	 0
0.021 	 0.030 	 0
0.021 	 0.122 	 0
0.021 	 0.045 	 0
0.021 	 0.069 	 0
0.021 	 0.091 	 0
0.021 	 0.084 	 0
0.021 	 0.093 	 0
0.021 	 0.049 	 0
0.021 	 0.125 	 0
0.021 	 0.091 	 0
0.021 	 0.064 	 1
0.021 	 0.031 	 0
0.021 	 0.064 	 0
0.021 	 0.338 	 0
0.021 	 0.052 	 0
0.021 	 0.071 	 0
0.021 	 0.069 	 0
0.021 	 0.057 	 0
0.021 	 0.026 	 0
0.021 	 0.074 	 0
0.021 	 0.057 	 0
0.021 	 0.525 	 0
0.021 	 0.017 	 0
0.021 	 0.038 	 0
0.022 	 0.059 	 0
0.022 	 0.041 	 0
0.022 	 0.119 	 0
0.022 	 0.016 	 0
0.022 	 0.100 	 1
0.022 	 0.069 	 0
0.022 	 0.010 	 0
0.022 	 0.046 	 0
0.022 	 0.022 	 0
0.022 	 0.094 	 0
0.022 	 0.034 	 0
0.022 	 0.050 	 0
0.022 	 0.144 	 0
0.022 	 0.043 	 0
0.022 	 0.068 	 0
0.022 	 0.158 	 0
0.022 	 0.060 	 0
0.022 	 0.021 	 0
0.022 	 0.079 	 0
0.022 	 0.084 	 0
0.022 	 0.022 	 0
0.022 	 0.082 	 0
0.022 	 0.057 	 0
0.022 	 0.462 	 0
0.022 	 0.038 	 0
0.022 	 0.475 	 0
0.022 	 0.031 	 0
0.022 	 0.019 	 0
0.022 	 0.067 	 0
0.022 	 0.029 	 0
0.022 	 0.112 	 0
0.022 	 0.026 	 0
0.022 	 0.044 	 0
0.022 	 0.052 	 0
0.022 	 0.027 	 0
0.022 	 0.071 	 0
0.022 	 0.039 	 0
0.022 	 0.155 	 0
0.022 	 0.097 	 0
0.022 	 0.392 	 0
0.022 	 0.139 	 0
0.022 	 0.044 	 0
0.022 	 0.026 	 0
0.022 	 0.024 	 0
0.022 	 0.086 	 0
0.022 	 0.046 	 0
0.022 	 0.081 	 0
0.022 	 0.124 	 0
0.022 	 0.049 	 0
0.022 	 0.023 	 0
0.022 	 0.075 	 0
0.022 	 0.021 	 0
0.022 	 0.145 	 0
0.022 	 0.068 	 1
0.022 	 0.019 	 0
0.022 	 0.133 	 0
0.022 	 0.052 	 0
0.022 	 0.035 	 0
0.022 	 0.027 	 0
0.022 	 0.024 	 0
0.022 	 0.019 	 0
0.022 	 0.011 	 0
0.022 	 0.186 	 0
0.023 	 0.337 	 0
0.023 	 0.041 	 0
0.023 	 0.025 	 0
0.023 	 0.146 	 0
0.023 	 0.062 	 0
0.023 	 0.039 	 0
0.023 	 0.045 	 0
0.023 	 0.048 	 0
0.023 	 0.019 	 0
0.023 	 0.023 	 0
0.023 	 0.028 	 0
0.023 	 0.023 	 0
0.023 	 0.359 	 0
0.023 	 0.088 	 0
0.023 	 0.025 	 0
0.023 	 0.071 	 0
0.023 	 0.062 	 0
0.023 	 0.023 	 0
0.023 	 0.047 	 0
0.023 	 0.048 	 0
0.023 	 0.075 	 0
0.023 	 0.058 	 0
0.023 	 0.221 	 0
0.023 	 0.074 	 0
0.023 	 0.022 	 0
0.023 	 0.026 	 0
0.023 	 0.054 	 0
0.023 	 0.060 	 0
0.023 	 0.116 	 0
0.023 	 0.085 	 0
0.023 	 0.058 	 0
0.023 	 0.219 	 0
0.023 	 0.079 	 0
0.023 	 0.050 	 0
0.023 	 0.049 	 0
0.023 	 0.057 	 0
0.023 	 0.096 	 0
0.023 	 0.015 	 0
0.023 	 0.031 	 0
0.023 	 0.046 	 0
0.023 	 0.024 	 0
0.024 	 0.026 	 0
0.024 	 0.008 	 0
0.024 	 0.127 	 0
0.024 	 0.091 	 1
0.024 	 0.079 	 0
0.024 	 0.018 	 0
0.024 	 0.025 	 0
0.024 	 0.034 	 0
0.024 	 0.062 	 0
0.024 	 0.060 	 0
0.024 	 0.033 	 0
0.024 	 0.053 	 0
0.024 	 0.064 	 0
0.024 	 0.023 	 0
0.024 	 0.019 	 0
0.024 	 0.013 	 0
0.024 	 0.441 	 0
0.024 	 0.603 	 0
0.024 	 0.064 	 0
0.024 	 0.026 	 0
0.024 	 0.058 	 0
0.024 	 0.062 	 0
0.024 	 0.076 	 0
0.024 	 0.028 	 0
0.024 	 0.098 	 0
0.024 	 0.231 	 0
0.024 	 0.051 	 0
0.024 	 0.086 	 0
0.024 	 0.019 	 0
0.024 	 0.059 	 0
0.024 	 0.127 	 0
0.024 	 0.017 	 0
0.024 	 0.086 	 0
0.024 	 0.356 	 0
0.024 	 0.030 	 0
0.024 	 0.263 	 0
0.024 	 0.022 	 0
0.024 	 0.024 	 0
0.024 	 0.062 	 0
0.024 	 0.039 	 0
0.024 	 0.092 	 0
0.024 	 0.017 	 0
0.024 	 0.034 	 0
0.024 	 0.036 	 0
0.024 	 0.040 	 0
0.024 	 0.031 	 0
0.025 	 0.026 	 0
0.025 	 0.028 	 0
0.025 	 0.026 	 0
0.025 	 0.065 	 0
0.025 	 0.032 	 0
0.025 	 0.018 	 0
0.025 	 0.032 	 0
0.025 	 0.035 	 0
0.025 	 0.370 	 0
0.025 	 0.015 	 0
0.025 	 0.051 	 0
0.025 	 0.156 	 0
0.025 	 0.032 	 0
0.025 	 0.106 	 0
0.025 	 0.052 	 0
0.025 	 0.069 	 0
0.025 	 0.015 	 0
0.025 	 0.067 	 0
0.025 	 0.030 	 0
0.025 	 0.055 	 0
0.025 	 0.015 	 0
0.025 	 0.020 	 0
0.025 	 0.034 	 0
0.025 	 0.088 	 0
0.025 	 0.069 	 0
0.025 	 0.133 	 0
0.025 	 0.087 	 0
0.025 	 0.119 	 0
0.025 	 0.029 	 0
0.025 	 0.014 	 0
0.025 	 0.151 	 0
0.025 	 0.226 	 0
0.025 	 0.036 	 0
0.025 	 0.022 	 0
0.025 	 0.263 	 0
0.025 	 0.434 	 0
0.025 	 0.029 	 0
0.025 	 0.070 	 0
0.025 	 0.076 	 0
0.025 	 0.070 	 0
0.025 	 0.071 	 0
0.025 	 0.051 	 0
0.025 	 0.032 	 0
0.025 	 0.067 	 0
0.025 	 0.161 	 0
0.025 	 0.026 	 0
0.025 	 0.071 	 0
0.025 	 0.063 	 0
0.025 	 0.040 	 0
0.025 	 0.067 	 0
0.025 	 0.088 	 0
0.025 	 0.026 	 0
0.025 	 0.084 	 0
0.025 	 0.008 	 0
0.025 	 0.025 	 0
0.025 	 0.084 	 0
0.025 	 0.006 	 0
0.025 	 0.076 	 0
0.025 	 0.058 	 0
0.025 	 0.062 	 0
0.025 	 0.097 	 0
0.025 	 0.049 	 1
0.025 	 0.087 	 0
0.026 	 0.032 	 0
0.026 	 0.116 	 0
0.026 	 0.053 	 0
0.026 	 0.107 	 0
0.026 	 0.075 	 0
0.026 	 0.039 	 0
0.026 	 0.052 	 0
0.026 	 0.024 	 0
0.026 	 0.091 	 0
0.026 	 0.052 	 0
0.026 	 0.019 	 0
0.026 	 0.067 	 0
0.026 	 0.069 	 0
0.026 	 0.033 	 0
0.026 	 0.087 	 0
0.026 	 0.022 	 0
0.026 	 0.072 	 0
0.026 	 0.068 	 0
0.026 	 0.024 	 0
0.026 	 0.026 	 0
0.026 	 0.047 	 0
0.026 	 0.027 	 0
0.026 	 0.029 	 0
0.026 	 0.042 	 1
0.026 	 0.048 	 0
0.026 	 0.425 	 0
0.026 	 0.048 	 0
0.026 	 0.045 	 0
0.026 	 0.071 	 0
0.026 	 0.134 	 1
0.026 	 0.083 	 0
0.026 	 0.087 	 0
0.026 	 0.019 	 1
0.026 	 0.028 	 0
0.026 	 0.034 	 0
0.026 	 0.079 	 0
0.026 	 0.108 	 0
0.026 	 0.067 	 0
0.026 	 0.091 	 0
0.026 	 0.023 	 0
0.026 	 0.015 	 0
0.026 	 0.077 	 0
0.026 	 0.016 	 0
0.026 	 0.071 	 0
0.026 	 0.036 	 0
0.026 	 0.108 	 0
0.026 	 0.016 	 0
0.026 	 0.057 	 0
0.026 	 0.045 	 0
0.026 	 0.049 	 0
0.026 	 0.476 	 0
0.026 	 0.022 	 0
0.026 	 0.082 	 0
0.026 	 0.097 	 0
0.026 	 0.069 	 0
0.026 	 0.049 	 0
0.026 	 0.071 	 0
0.026 	 0.058 	 0
0.026 	 0.064 	 0
0.026 	 0.020 	 0
0.026 	 0.060 	 0
0.026 	 0.098 	 0
0.026 	 0.116 	 0
0.026 	 0.152 	 0
0.026 	 0.023 	 0
0.026 	 0.061 	 0
0.026 	 0.058 	 0
0.026 	 0.026 	 0
0.026 	 0.021 	 1
0.026 	 0.042 	 0
0.026 	 0.079 	 0
0.026 	 0.049 	 0
0.026 	 0.110 	 0
0.026 	 0.343 	 0
0.026 	 0.061 	 0
0.026 	 0.103 	 0
0.026 	 0.047 	 0
0.026 	 0.096 	 0
0.027 	 0.021 	 0
0.027 	 0.072 	 0
0.027 	 0.378 	 0
0.027 	 0.059 	 0
0.027 	 0.068 	 0
0.027 	 0.072 	 0
0.027 	 0.044 	 0
0.027 	 0.046 	 0
0.027 	 0.052 	 0
0.027 	 0.058 	 0
0.027 	 0.106 	 0
0.027 	 0.020 	 0
0.027 	 0.027 	 0
0.027 	 0.086 	 0
0.027 	 0.008 	 1
0.027 	 0.034 	 0
0.027 	 0.082 	 0
0.027 	 0.058 	 0
0.027 	 0.191 	 0
0.027 	 0.019 	 0
0.027 	 0.091 	 0
0.027 	 0.022 	 0
0.027 	 0.012 	 0
0.027 	 0.163 	 0
0.027 	 0.018 	 0
0.027 	 0.383 	 0
0.027 	 0.022 	 0
0.027 	 0.054 	 0
0.027 	 0.026 	 0
0.027 	 0.061 	 0
0.027 	 0.030 	 0
0.027 	 0.058 	 0
0.027 	 0.042 	 0
0.027 	 0.058 	 0
0.027 	 0.034 	 0
0.027 	 0.030 	 0
0.027 	 0.022 	 0
0.027 	 0.036 	 0
0.027 	 0.087 	 0
0.027 	 0.081 	 0
0.027 	 0.027 	 0
0.027 	 0.016 	 0
0.027 	 0.066 	 0
0.027 	 0.037 	 0
0.027 	 0.321 	 0
0.027 	 0.144 	 0
0.027 	 0.034 	 0
0.028 	 0.018 	 0
0.028 	 0.071 	 0
0.028 	 0.442 	 0
0.028 	 0.018 	 0
0.028 	 0.066 	 0
0.028 	 0.050 	 0
0.028 	 0.050 	 0
0.028 	 0.087 	 0
0.028 	 0.057 	 0
0.028 	 0.100 	 0
0.028 	 0.052 	 0
0.028 	 0.092 	 0
0.028 	 0.048 	 0
0.028 	 0.030 	 0
0.028 	 0.020 	 0
0.028 	 0.068 	 0
0.028 	 0.022 	 0
0.028 	 0.126 	 0
0.028 	 0.052 	 0
0.028 	 0.043 	 0
0.028 	 0.019 	 0
0.028 	 0.044 	 0
0.028 	 0.102 	 0
0.028 	 0.277 	 0
0.028 	 0.104 	 0
0.028 	 0.028 	 0
0.028 	 0.045 	 0
0.028 	 0.099 	 0
0.028 	 0.071 	 0
0.028 	 0.064 	 0
0.028 	 0.041 	 0
0.028 	 0.062 	 0
0.028 	 0.046 	 0
0.028 	 0.044 	 0
0.028 	 0.018 	 0
0.028 	 0.022 	 0
0.028 	 0.103 	 0
0.028 	 0.047 	 0
0.028 	 0.081 	 0
0.028 	 0.073 	 0
0.028 	 0.049 	 0
0.028 	 0.022 	 0
0.028 	 0.037 	 0
0.028 	 0.035 	 0
0.028 	 0.034 	 0
0.028 	 0.071 	 0
0.028 	 0.022 	 0
0.028 	 0.057 	 0
0.028 	 0.051 	 0
0.028 	 0.109 	 0
0.029 	 0.047 	 0
0.029 	 0.203 	 0
0.029 	 0.073 	 0
0.029 	 0.018 	 0
0.029 	 0.043 	 0
0.029 	 0.014 	 0
0.029 	 0.048 	 0
0.029 	 0.128 	 0
0.029 	 0.041 	 0
0.029 	 0.048 	 0
0.029 	 0.075 	 0
0.029 	 0.016 	 0
0.029 	 0.116 	 0
0.029 	 0.012 	 0
0.029 	 0.046 	 0
0.029 	 0.386 	 0
0.029 	 0.102 	 0
0.029 	 0.050 	 0
0.029 	 0.020 	 0
0.029 	 0.076 	 0
0.029 	 0.399 	 0
0.029 	 0.071 	 0
0.029 	 0.083 	 0
0.029 	 0.043 	 0
0.029 	 0.038 	 0
0.029 	 0.051 	 0
0.029 	 0.110 	 0
0.029 	 0.459 	 0
0.029 	 0.031 	 0
0.029 	 0.125 	 1
0.029 	 0.430 	 0
0.029 	 0.059 	 0
0.029 	 0.495 	 0
0.029 	 0.070 	 1
0.029 	 0.043 	 1
0.029 	 0.054 	 0
0.029 	 0.120 	 0
0.029 	 0.029 	 0
0.029 	 0.041 	 0
0.029 	 0.154 	 0
0.029 	 0.021 	 0
0.029 	 0.027 	 0
0.029 	 0.127 	 0
0.029 	 0.057 	 0
0.029 	 0.025 	 0
0.029 	 0.010 	 0
0.029 	 0.069 	 0
0.030 	 0.046 	 0
0.030 	 0.081 	 0
0.030 	 0.343 	 0
0.030 	 0.077 	 0
0.030 	 0.089 	 0
0.030 	 0.027 	 0
0.030 	 0.110 	 0
0.030 	 0.142 	 0
0.030 	 0.074 	 0
0.030 	 0.068 	 0
0.030 	 0.016 	 0
0.030 	 0.411 	 0
0.030 	 0.061 	 0
0.030 	 0.025 	 1
0.030 	 0.441 	 0
0.030 	 0.121 	 0
0.030 	 0.043 	 0
0.030 	 0.046 	 0
0.030 	 0.062 	 0
0.030 	 0.061 	 0
0.030 	 0.046 	 0
0.030 	 0.025 	 0
0.030 	 0.044 	 0
0.030 	 0.093 	 0
0.030 	 0.083 	 0
0.030 	 0.059 	 0
0.030 	 0.022 	 0
0.030 	 0.039 	 0
0.030 	 0.102 	 0
0.030 	 0.045 	 0
0.030 	 0.041 	 0
0.030 	 0.386 	 0
0.030 	 0.075 	 0
0.030 	 0.169 	 0
0.030 	 0.052 	 0
0.030 	 0.124 	 0
0.030 	 0.050 	 0
0.030 	 0.044 	 0
0.030 	 0.075 	 0
0.031 	 0.015 	 0
0.031 	 0.015 	 0
0.031 	 0.035 	 0
0.031 	 0.045 	 0
0.031 	 0.028 	 0
0.031 	 0.010 	 0
0.031 	 0.086 	 0
0.031 	 0.065 	 0
0.031 	 0.032 	 0
0.031 	 0.030 	 0
0.031 	 0.038 	 0
0.031 	 0.440 	 0
0.031 	 0.007 	 0
0.031 	 0.062 	 0
0.031 	 0.121 	 0
0.031 	 0.017 	 1
0.031 	 0.073 	 0
0.031 	 0.065 	 1
0.031 	 0.039 	 0
0.031 	 0.153 	 0
0.031 	 0.020 	 0
0.031 	 0.033 	 0
0.031 	 0.064 	 0
0.031 	 0.018 	 0
0.031 	 0.044 	 1
0.031 	 0.022 	 0
0.031 	 0.045 	 0
0.031 	 0.085 	 0
0.031 	 0.060 	 0
0.031 	 0.025 	 0
0.031 	 0.027 	 0
0.031 	 0.043 	 0
0.031 	 0.077 	 0
0.031 	 0.034 	 0
0.031 	 0.050 	 0
0.031 	 0.025 	 0
0.031 	 0.043 	 1
0.031 	 0.034 	 0
0.031 	 0.029 	 0
0.031 	 0.025 	 0
0.032 	 0.054 	 1
0.032 	 0.127 	 1
0.032 	 0.022 	 0
0.032 	 0.017 	 0
0.032 	 0.083 	 0
0.032 	 0.176 	 0
0.032 	 0.041 	 0
0.032 	 0.056 	 0
0.032 	 0.105 	 0
0.032 	 0.045 	 0
0.032 	 0.030 	 0
0.032 	 0.025 	 0
0.032 	 0.079 	 0
0.032 	 0.120 	 0
0.032 	 0.106 	 0
0.032 	 0.025 	 0
0.032 	 0.018 	 0
0.032 	 0.008 	 0
0.032 	 0.084 	 0
0.032 	 0.078 	 0
0.032 	 0.025 	 0
0.032 	 0.030 	 0
0.032 	 0.080 	 0
0.032 	 0.044 	 0
0.032 	 0.024 	 0
0.032 	 0.034 	 0
0.032 	 0.044 	 0
0.032 	 0.019 	 0
0.032 	 0.039 	 0
0.032 	 0.036 	 0
0.032 	 0.044 	 0
0.032 	 0.046 	 0
0.032 	 0.018 	 0
0.032 	 0.021 	 1
0.032 	 0.108 	 0
0.032 	 0.048 	 0
0.032 	 0.072 	 0
0.032 	 0.062 	 0
0.032 	 0.029 	 0
0.032 	 0.027 	 0
0.032 	 0.085 	 0
0.032 	 0.039 	 0
0.032 	 0.103 	 0
0.032 	 0.098 	 0
0.032 	 0.035 	 0
0.032 	 0.034 	 0
0.032 	 0.048 	 0
0.033 	 0.040 	 0
0.033 	 0.047 	 0
0.033 	 0.062 	 0
0.033 	 0.040 	 0
0.033 	 0.043 	 0
0.033 	 0.027 	 0
0.033 	 0.028 	 0
0.033 	 0.061 	 0
0.033 	 0.044 	 0
0.033 	 0.074 	 0
0.033 	 0.018 	 0
0.033 	 0.076 	 0
0.033 	 0.170 	 0
0.033 	 0.066 	 0
0.033 	 0.031 	 0
0.033 	 0.126 	 0
0.033 	 0.059 	 0
0.033 	 0.035 	 0
0.033 	 0.089 	 0
0.033 	 0.034 	 0
0.033 	 0.020 	 0
0.033 	 0.044 	 0
0.033 	 0.461 	 0
0.033 	 0.043 	 0
0.033 	 0.085 	 0
0.033 	 0.069 	 0
0.033 	 0.047 	 0
0.033 	 0.036 	 0
0.033 	 0.020 	 0
0.033 	 0.013 	 0
0.033 	 0.094 	 0
0.033 	 0.053 	 0
0.033 	 0.154 	 0
0.034 	 0.245 	 0
0.034 	 0.065 	 0
0.034 	 0.074 	 1
0.034 	 0.054 	 0
0.034 	 0.052 	 0
0.034 	 0.031 	 0
0.034 	 0.029 	 0
0.034 	 0.428 	 0
0.034 	 0.029 	 0
0.034 	 0.085 	 0
0.034 	 0.030 	 0
0.034 	 0.012 	 0
0.034 	 0.065 	 0
0.034 	 0.053 	 0
0.034 	 0.023 	 0
0.034 	 0.019 	 0
0.034 	 0.323 	 0
0.034 	 0.082 	 0
0.034 	 0.069 	 0
0.034 	 0.030 	 0
0.034 	 0.042 	 0
0.034 	 0.057 	 0
0.034 	 0.047 	 0
0.034 	 0.029 	 0
0.034 	 0.043 	 0
0.034 	 0.016 	 0
0.034 	 0.375 	 0
0.034 	 0.022 	 0
0.034 	 0.027 	 0
0.034 	 0.056 	 0
0.034 	 0.054 	 0
0.034 	 0.042 	 0
0.034 	 0.048 	 0
0.034 	 0.017 	 0
0.034 	 0.308 	 0
0.034 	 0.346 	 0
0.034 	 0.037 	 0
0.034 	 0.045 	 0
0.034 	 0.025 	 0
0.035 	 0.064 	 0
0.035 	 0.037 	 0
0.035 	 0.091 	 0
0.035 	 0.082 	 0
0.035 	 0.026 	 0
0.035 	 0.579 	 0
0.035 	 0.034 	 0
0.035 	 0.025 	 0
0.035 	 0.026 	 0
0.035 	 0.043 	 0
0.035 	 0.021 	 0
0.035 	 0.102 	 0
0.035 	 0.013 	 0
0.035 	 0.030 	 1
0.035 	 0.017 	 0
0.035 	 0.030 	 0
0.035 	 0.066 	 0
0.035 	 0.032 	 0
0.035 	 0.019 	 0
0.035 	 0.069 	 0
0.035 	 0.022 	 0
0.035 	 0.046 	 0
0.035 	 0.540 	 1
0.035 	 0.035 	 0
0.035 	 0.061 	 0
0.035 	 0.043 	 1
0.035 	 0.447 	 0
0.035 	 0.042 	 0
0.035 	 0.015 	 0
0.035 	 0.014 	 0
0.035 	 0.022 	 0
0.035 	 0.059 	 0
0.035 	 0.059 	 0
0.035 	 0.027 	 0
0.035 	 0.016 	 0
0.035 	 0.049 	 0
0.035 	 0.033 	 0
0.035 	 0.018 	 0
0.035 	 0.023 	 0
0.035 	 0.127 	 0
0.035 	 0.021 	 0
0.035 	 0.132 	 0
0.035 	 0.072 	 0
0.035 	 0.117 	 0
0.035 	 0.076 	 0
0.035 	 0.061 	 0
0.035 	 0.080 	 0
0.036 	 0.059 	 0
0.036 	 0.036 	 0
0.036 	 0.078 	 0
0.036 	 0.143 	 0
0.036 	 0.022 	 0
0.036 	 0.023 	 0
0.036 	 0.015 	 0
0.036 	 0.037 	 0
0.036 	 0.074 	 0
0.036 	 0.042 	 0
0.036 	 0.021 	 0
0.036 	 0.078 	 0
0.036 	 0.052 	 0
0.036 	 0.025 	 0
0.036 	 0.050 	 0
0.036 	 0.125 	 0
0.036 	 0.068 	 0
0.036 	 0.022 	 0
0.036 	 0.459 	 0
0.036 	 0.033 	 0
0.036 	 0.028 	 0
0.036 	 0.079 	 0
0.036 	 0.024 	 0
0.036 	 0.042 	 0
0.036 	 0.130 	 0
0.036 	 0.072 	 0
0.036 	 0.026 	 0
0.036 	 0.394 	 0
0.036 	 0.026 	 0
0.036 	 0.025 	 0
0.036 	 0.061 	 0
0.036 	 0.051 	 0
0.036 	 0.033 	 0
0.036 	 0.071 	 0
0.036 	 0.042 	 0
0.036 	 0.126 	 0
0.036 	 0.056 	 0
0.036 	 0.094 	 0
0.037 	 0.106 	 0
0.037 	 0.103 	 0
0.037 	 0.054 	 0
0.037 	 0.019 	 0
0.037 	 0.081 	 0
0.037 	 0.071 	 0
0.037 	 0.029 	 0
0.037 	 0.029 	 0
0.037 	 0.054 	 0
0.037 	 0.112 	 0
0.037 	 0.062 	 0
0.037 	 0.028 	 0
0.037 	 0.042 	 0
0.037 	 0.150 	 0
0.037 	 0.117 	 0
0.037 	 0.026 	 1
0.037 	 0.041 	 1
0.037 	 0.065 	 0
0.037 	 0.062 	 0
0.037 	 0.112 	 0
0.037 	 0.287 	 0
0.037 	 0.082 	 0
0.037 	 0.067 	 0
0.037 	 0.028 	 0
0.038 	 0.044 	 0
0.038 	 0.075 	 0
0.038 	 0.042 	 0
0.038 	 0.152 	 0
0.038 	 0.025 	 0
0.038 	 0.052 	 0
0.038 	 0.025 	 0
0.038 	 0.112 	 0
0.038 	 0.070 	 0
0.038 	 0.033 	 0
0.038 	 0.089 	 0
0.038 	 0.156 	 0
0.038 	 0.093 	 0
0.038 	 0.076 	 0
0.038 	 0.036 	 0
0.038 	 0.077 	 0
0.039 	 0.088 	 0
0.039 	 0.118 	 0
0.039 	 0.139 	 0
0.039 	 0.071 	 0
0.039 	 0.025 	 0
0.039 	 0.117 	 0
0.039 	 0.038 	 0
0.039 	 0.019 	 0
0.039 	 0.019 	 0
0.039 	 0.164 	 0
0.039 	 0.067 	 0
0.039 	 0.121 	 0
0.039 	 0.077 	 0
0.039 	 0.336 	 0
0.039 	 0.046 	 0
0.039 	 0.123 	 0
0.039 	 0.033 	 0
0.039 	 0.299 	 1
0.039 	 0.080 	 1
0.039 	 0.072 	 0
0.039 	 0.044 	 0
0.039 	 0.081 	 0
0.039 	 0.056 	 0
0.039 	 0.094 	 0
0.039 	 0.107 	 0
0.039 	 0.381 	 0
0.039 	 0.051 	 0
0.039 	 0.017 	 0
0.039 	 0.042 	 0
0.039 	 0.069 	 0
0.039 	 0.120 	 1
0.039 	 0.023 	 0
0.039 	 0.039 	 0
0.039 	 0.032 	 0
0.040 	 0.069 	 1
0.040 	 0.028 	 1
0.040 	 0.077 	 0
0.040 	 0.118 	 0
0.040 	 0.052 	 0
0.040 	 0.026 	 0
0.040 	 0.065 	 0
0.040 	 0.050 	 0
0.040 	 0.061 	 0
0.040 	 0.103 	 0
0.040 	 0.189 	 0
0.040 	 0.049 	 0
0.040 	 0.322 	 1
0.040 	 0.027 	 0
0.040 	 0.056 	 0
0.040 	 0.026 	 0
0.040 	 0.031 	 0
0.040 	 0.073 	 0
0.040 	 0.036 	 0
0.040 	 0.061 	 0
0.040 	 0.094 	 0
0.040 	 0.019 	 0
0.040 	 0.065 	 0
0.040 	 0.090 	 0
0.040 	 0.027 	 0
0.040 	 0.493 	 0
0.040 	 0.031 	 0
0.040 	 0.100 	 0
0.040 	 0.007 	 0
0.040 	 0.018 	 0
0.040 	 0.038 	 0
0.040 	 0.021 	 0
0.040 	 0.027 	 0
0.040 	 0.066 	 0
0.040 	 0.051 	 0
0.040 	 0.022 	 0
0.040 	 0.118 	 1
0.041 	 0.048 	 0
0.041 	 0.020 	 0
0.041 	 0.094 	 0
0.041 	 0.064 	 1
0.041 	 0.047 	 1
0.041 	 0.098 	 0
0.041 	 0.467 	 0
0.041 	 0.088 	 0
0.041 	 0.024 	 0
0.041 	 0.024 	 0
0.041 	 0.077 	 0
0.041 	 0.036 	 0
0.041 	 0.039 	 0
0.041 	 0.029 	 0
0.041 	 0.048 	 0
0.041 	 0.022 	 0
0.041 	 0.024 	 0
0.041 	 0.029 	 0
0.041 	 0.138 	 0
0.041 	 0.076 	 0
0.041 	 0.084 	 0
0.041 	 0.093 	 0
0.041 	 0.076 	 0
0.041 	 0.036 	 0
0.041 	 0.073 	 0
0.041 	 0.041 	 0
0.041 	 0.063 	 0
0.041 	 0.029 	 0
0.041 	 0.023 	 0
0.041 	 0.055 	 0
0.041 	 0.062 	 0
0.041 	 0.075 	 0
0.041 	 0.046 	 0
0.041 	 0.026 	 0
0.041 	 0.035 	 0
0.041 	 0.102 	 0
0.041 	 0.102 	 0
0.041 	 0.031 	 0
0.041 	 0.084 	 1
0.041 	 0.128 	 0
0.041 	 0.044 	 0
0.041 	 0.026 	 0
0.041 	 0.028 	 0
0.041 	 0.026 	 0
0.041 	 0.070 	 0
0.041 	 0.048 	 0
0.041 	 0.083 	 0
0.041 	 0.020 	 0
0.041 	 0.030 	 0
0.042 	 0.052 	 0
0.042 	 0.052 	 0
0.042 	 0.024 	 0
0.042 	 0.070 	 0
0.042 	 0.035 	 0
0.042 	 0.056 	 0
0.042 	 0.024 	 0
0.042 	 0.020 	 0
0.042 	 0.018 	 0
0.042 	 0.062 	 0
0.042 	 0.108 	 0
0.042 	 0.106 	 0
0.042 	 0.021 	 0
0.042 	 0.022 	 0
0.042 	 0.068 	 0
0.042 	 0.200 	 0
0.042 	 0.063 	 0
0.042 	 0.074 	 0
0.042 	 0.068 	 0
0.042 	 0.023 	 0
0.042 	 0.026 	 1
0.042 	 0.035 	 0
0.042 	 0.041 	 0
0.042 	 0.023 	 0
0.042 	 0.086 	 0
0.042 	 0.425 	 0
0.042 	 0.114 	 0
0.042 	 0.071 	 0
0.042 	 0.109 	 0
0.042 	 0.090 	 0
0.042 	 0.091 	 0
0.042 	 0.020 	 0
0.043 	 0.054 	 0
0.043 	 0.027 	 0
0.043 	 0.088 	 0
0.043 	 0.033 	 0
0.043 	 0.113 	 0
0.043 	 0.052 	 0
0.043 	 0.108 	 0
0.043 	 0.020 	 0
0.043 	 0.068 	 0
0.043 	 0.025 	 0
0.043 	 0.044 	 0
0.043 	 0.047 	 0
0.043 	 0.034 	 0
0.043 	 0.045 	 0
0.043 	 0.364 	 0
0.043 	 0.071 	 0
0.043 	 0.060 	 0
0.043 	 0.053 	 0
0.043 	 0.037 	 0
0.043 	 0.069 	 0
0.043 	 0.030 	 0
0.043 	 0.041 	 0
0.043 	 0.031 	 0
0.043 	 0.124 	 0
0.043 	 0.072 	 0
0.043 	 0.125 	 0
0.043 	 0.022 	 0
0.043 	 0.060 	 0
0.043 	 0.537 	 0
0.043 	 0.058 	 0
0.044 	 0.017 	 0
0.044 	 0.113 	 0
0.044 	 0.106 	 0
0.044 	 0.045 	 0
0.044 	 0.019 	 0
0.044 	 0.091 	 0
0.044 	 0.047 	 0
0.044 	 0.033 	 0
0.044 	 0.079 	 0
0.044 	 0.063 	 0
0.044 	 0.024 	 0
0.044 	 0.053 	 0
0.044 	 0.020 	 0
0.044 	 0.031 	 0
0.044 	 0.088 	 0
0.044 	 0.028 	 0
0.044 	 0.030 	 0
0.044 	 0.107 	 1
0.044 	 0.098 	 0
0.044 	 0.082 	 0
0.044 	 0.081 	 0
0.044 	 0.029 	 0
0.044 	 0.022 	 0
0.044 	 0.019 	 0
0.044 	 0.110 	 0
0.044 	 0.021 	 0
0.044 	 0.118 	 0
0.044 	 0.011 	 0
0.044 	 0.051 	 0
0.044 	 0.066 	 0
0.044 	 0.158 	 0
0.044 	 0.078 	 0
0.044 	 0.056 	 0
0.044 	 0.074 	 0
0.044 	 0.043 	 1
0.044 	 0.060 	 0
0.044 	 0.040 	 0
0.044 	 0.109 	 0
0.044 	 0.015 	 0
0.044 	 0.135 	 0
0.044 	 0.147 	 0
0.044 	 0.062 	 0
0.045 	 0.070 	 0
0.045 	 0.088 	 0
0.045 	 0.027 	 0
0.045 	 0.072 	 1
0.045 	 0.105 	 0
0.045 	 0.043 	 0
0.045 	 0.092 	 0
0.045 	 0.113 	 0
0.045 	 0.028 	 0
0.045 	 0.035 	 0
0.045 	 0.053 	 0
0.045 	 0.029 	 0
0.045 	 0.029 	 0
0.045 	 0.106 	 0
0.045 	 0.087 	 0
0.045 	 0.023 	 0
0.045 	 0.285 	 0
0.045 	 0.062 	 0
0.045 	 0.023 	 0
0.045 	 0.034 	 0
0.045 	 0.020 	 0
0.045 	 0.027 	 0
0.045 	 0.016 	 0
0.045 	 0.029 	 0
0.045 	 0.026 	 0
0.045 	 0.068 	 0
0.045 	 0.141 	 0
0.045 	 0.028 	 0
0.045 	 0.307 	 0
0.045 	 0.140 	 0
0.045 	 0.057 	 0
0.045 	 0.134 	 0
0.045 	 0.068 	 0
0.045 	 0.117 	 0
0.045 	 0.166 	 0
0.046 	 0.035 	 0
0.046 	 0.079 	 0
0.046 	 0.080 	 0
0.046 	 0.048 	 0
0.046 	 0.033 	 0
0.046 	 0.012 	 0
0.046 	 0.127 	 0
0.046 	 0.022 	 0
0.046 	 0.080 	 0
0.046 	 0.021 	 0
0.046 	 0.155 	 0
0.046 	 0.023 	 0
0.046 	 0.060 	 0
0.046 	 0.082 	 0
0.046 	 0.012 	 0
0.046 	 0.134 	 0
0.046 	 0.073 	 0
0.046 	 0.088 	 1
0.046 	 0.104 	 0
0.046 	 0.145 	 0
0.046 	 0.063 	 0
0.046 	 0.051 	 0
0.046 	 0.058 	 1
0.046 	 0.071 	 0
0.046 	 0.020 	 0
0.046 	 0.032 	 1
0.046 	 0.402 	 0
0.046 	 0.084 	 0
0.046 	 0.157 	 0
0.046 	 0.017 	 0
0.046 	 0.021 	 0
0.046 	 0.077 	 0
0.047 	 0.026 	 0
0.047 	 0.054 	 0
0.047 	 0.064 	 0
0.047 	 0.026 	 0
0.047 	 0.105 	 0
0.047 	 0.048 	 0
0.047 	 0.089 	 0
0.047 	 0.032 	 0
0.047 	 0.062 	 0
0.047 	 0.046 	 0
0.047 	 0.081 	 0
0.047 	 0.026 	 0
0.047 	 0.023 	 0
0.047 	 0.093 	 0
0.047 	 0.164 	 0
0.047 	 0.107 	 0
0.047 	 0.052 	 0
0.047 	 0.058 	 0
0.047 	 0.035 	 0
0.047 	 0.037 	 0
0.047 	 0.048 	 0
0.047 	 0.054 	 0
0.047 	 0.042 	 0
0.047 	 0.057 	 0
0.047 	 0.028 	 0
0.047 	 0.102 	 1
0.047 	 0.046 	 0
0.047 	 0.039 	 0
0.047 	 0.089 	 0
0.047 	 0.024 	 0
0.047 	 0.116 	 0
0.047 	 0.098 	 0
0.048 	 0.122 	 0
0.048 	 0.137 	 0
0.048 	 0.031 	 0
0.048 	 0.010 	 0
0.048 	 0.019 	 0
0.048 	 0.026 	 0
0.048 	 0.017 	 0
0.048 	 0.019 	 0
0.048 	 0.116 	 0
0.048 	 0.023 	 0
0.048 	 0.123 	 0
0.048 	 0.050 	 0
0.048 	 0.060 	 0
0.048 	 0.025 	 0
0.048 	 0.376 	 0
0.048 	 0.017 	 0
0.048 	 0.055 	 0
0.048 	 0.035 	 0
0.048 	 0.039 	 0
0.048 	 0.024 	 0
0.048 	 0.025 	 0
0.048 	 0.007 	 0
0.048 	 0.053 	 0
0.048 	 0.063 	 0
0.048 	 0.032 	 0
0.048 	 0.369 	 0
0.048 	 0.077 	 0
0.048 	 0.062 	 0
0.048 	 0.068 	 0
0.048 	 0.108 	 0
0.048 	 0.157 	 0
0.048 	 0.160 	 0
0.048 	 0.061 	 0
0.048 	 0.066 	 0
0.048 	 0.116 	 0
0.048 	 0.067 	 0
0.049 	 0.116 	 0
0.049 	 0.025 	 0
0.049 	 0.028 	 0
0.049 	 0.042 	 0
0.049 	 0.014 	 0
0.049 	 0.041 	 0
0.049 	 0.061 	 0
0.049 	 0.016 	 0
0.049 	 0.053 	 0
0.049 	 0.096 	 1
0.049 	 0.068 	 0
0.049 	 0.124 	 0
0.049 	 0.151 	 0
0.049 	 0.052 	 0
0.049 	 0.084 	 0
0.049 	 0.046 	 0
0.049 	 0.232 	 0
0.049 	 0.053 	 0
0.049 	 0.133 	 0
0.049 	 0.041 	 0
0.049 	 0.073 	 0
0.049 	 0.026 	 0
0.049 	 0.073 	 0
0.049 	 0.023 	 0
0.049 	 0.101 	 0
0.049 	 0.103 	 0
0.049 	 0.092 	 0
0.049 	 0.012 	 0
0.050 	 0.030 	 0
0.050 	 0.071 	 0
0.050 	 0.366 	 0
0.050 	 0.072 	 0
0.050 	 0.144 	 0
0.050 	 0.057 	 0
0.050 	 0.028 	 0
0.050 	 0.070 	 0
0.050 	 0.052 	 0
0.050 	 0.022 	 0
0.050 	 0.449 	 0
0.050 	 0.018 	 0
0.050 	 0.041 	 0
0.050 	 0.020 	 0
0.050 	 0.016 	 0
0.050 	 0.014 	 0
0.050 	 0.087 	 0
0.050 	 0.080 	 0
0.050 	 0.079 	 0
0.050 	 0.028 	 0
0.050 	 0.054 	 0
0.050 	 0.020 	 0
0.050 	 0.063 	 0
0.050 	 0.095 	 0
0.050 	 0.037 	 0
0.050 	 0.021 	 0
0.050 	 0.110 	 0
0.050 	 0.088 	 0
0.050 	 0.060 	 0
0.050 	 0.017 	 0
0.050 	 0.024 	 0
0.050 	 0.019 	 0
0.050 	 0.084 	 0
0.050 	 0.039 	 0
0.050 	 0.175 	 0
0.050 	 0.060 	 0
0.050 	 0.024 	 0
0.051 	 0.143 	 0
0.051 	 0.157 	 0
0.051 	 0.103 	 0
0.051 	 0.057 	 0
0.051 	 0.096 	 0
0.051 	 0.022 	 0
0.051 	 0.018 	 0
0.051 	 0.044 	 0
0.051 	 0.122 	 0
0.051 	 0.019 	 0
0.051 	 0.040 	 0
0.051 	 0.099 	 0
0.051 	 0.042 	 0
0.051 	 0.044 	 0
0.051 	 0.077 	 0
0.051 	 0.013 	 0
0.051 	 0.034 	 0
0.051 	 0.067 	 0
0.051 	 0.136 	 0
0.051 	 0.163 	 0
0.051 	 0.096 	 0
0.051 	 0.076 	 0
0.051 	 0.026 	 0
0.051 	 0.055 	 0
0.051 	 0.043 	 0
0.051 	 0.075 	 0
0.052 	 0.103 	 0
0.052 	 0.041 	 0
0.052 	 0.026 	 0
0.052 	 0.050 	 0
0.052 	 0.009 	 0
0.052 	 0.034 	 0
0.052 	 0.034 	 0
0.052 	 0.071 	 0
0.052 	 0.053 	 0
0.052 	 0.007 	 0
0.052 	 0.049 	 0
0.052 	 0.024 	 0
0.052 	 0.041 	 0
0.052 	 0.014 	 0
0.052 	 0.051 	 0
0.052 	 0.053 	 0
0.052 	 0.010 	 0
0.052 	 0.041 	 0
0.052 	 0.065 	 0
0.052 	 0.007 	 0
0.052 	 0.072 	 0
0.052 	 0.034 	 0
0.052 	 0.018 	 1
0.052 	 0.007 	 0
0.052 	 0.036 	 0
0.052 	 0.039 	 0
0.052 	 0.074 	 0
0.052 	 0.519 	 0
0.052 	 0.086 	 0
0.052 	 0.046 	 0
0.052 	 0.018 	 0
0.052 	 0.028 	 0
0.052 	 0.090 	 0
0.052 	 0.094 	 0
0.052 	 0.017 	 0
0.052 	 0.354 	 0
0.052 	 0.067 	 0
0.052 	 0.057 	 0
0.052 	 0.436 	 0
0.053 	 0.040 	 0
0.053 	 0.039 	 0
0.053 	 0.028 	 0
0.053 	 0.067 	 0
0.053 	 0.057 	 0
0.053 	 0.021 	 0
0.053 	 0.035 	 0
0.053 	 0.017 	 0
0.053 	 0.022 	 0
0.053 	 0.053 	 0
0.053 	 0.052 	 0
0.053 	 0.012 	 0
0.053 	 0.015 	 0
0.053 	 0.072 	 0
0.053 	 0.108 	 0
0.053 	 0.045 	 0
0.053 	 0.058 	 0
0.053 	 0.033 	 0
0.053 	 0.008 	 0
0.053 	 0.032 	 0
0.053 	 0.061 	 0
0.053 	 0.123 	 0
0.053 	 0.068 	 0
0.053 	 0.021 	 0
0.053 	 0.034 	 0
0.053 	 0.016 	 0
0.053 	 0.026 	 0
0.053 	 0.018 	 0
0.054 	 0.080 	 0
0.054 	 0.103 	 0
0.054 	 0.433 	 0
0.054 	 0.044 	 0
0.054 	 0.040 	 0
0.054 	 0.103 	 0
0.054 	 0.009 	 0
0.054 	 0.038 	 0
0.054 	 0.023 	 0
0.054 	 0.088 	 0
0.054 	 0.061 	 0
0.054 	 0.056 	 0
0.054 	 0.084 	 0
0.054 	 0.054 	 0
0.054 	 0.032 	 0
0.054 	 0.096 	 0
0.054 	 0.027 	 0
0.054 	 0.024 	 0
0.054 	 0.094 	 0
0.054 	 0.017 	 0
0.054 	 0.032 	 0
0.054 	 0.032 	 0
0.054 	 0.072 	 0
0.054 	 0.023 	 0
0.054 	 0.019 	 0
0.055 	 0.007 	 0
0.055 	 0.018 	 0
0.055 	 0.065 	 0
0.055 	 0.041 	 0
0.055 	 0.018 	 0
0.055 	 0.115 	 0
0.055 	 0.010 	 0
0.055 	 0.066 	 0
0.055 	 0.079 	 0
0.055 	 0.024 	 0
0.055 	 0.041 	 0
0.055 	 0.034 	 0
0.055 	 0.342 	 0
0.056 	 0.108 	 0
0.056 	 0.025 	 0
0.056 	 0.273 	 0
0.056 	 0.028 	 0
0.056 	 0.127 	 0
0.056 	 0.023 	 0
0.056 	 0.050 	 0
0.056 	 0.047 	 0
0.056 	 0.065 	 0
0.056 	 0.090 	 0
0.056 	 0.046 	 0
0.056 	 0.033 	 0
0.056 	 0.144 	 0
0.056 	 0.025 	 0
0.056 	 0.089 	 0
0.056 	 0.061 	 0
0.056 	 0.025 	 0
0.056 	 0.102 	 0
0.056 	 0.024 	 0
0.056 	 0.041 	 0
0.056 	 0.091 	 0
0.056 	 0.286 	 0
0.056 	 0.014 	 0
0.056 	 0.059 	 0
0.057 	 0.139 	 0
0.057 	 0.081 	 0
0.057 	 0.081 	 0
0.057 	 0.062 	 0
0.057 	 0.022 	 0
0.057 	 0.022 	 0
0.057 	 0.032 	 0
0.057 	 0.091 	 0
0.057 	 0.017 	 0
0.057 	 0.067 	 0
0.057 	 0.065 	 0
0.057 	 0.021 	 0
0.057 	 0.110 	 0
0.057 	 0.023 	 0
0.057 	 0.099 	 0
0.057 	 0.044 	 0
0.057 	 0.124 	 0
0.057 	 0.020 	 1
0.057 	 0.091 	 0
0.057 	 0.070 	 0
0.057 	 0.095 	 0
0.057 	 0.049 	 0
0.057 	 0.035 	 0
0.057 	 0.019 	 0
0.057 	 0.014 	 0
0.057 	 0.034 	 0
0.057 	 0.022 	 0
0.057 	 0.021 	 1
0.057 	 0.108 	 0
0.057 	 0.011 	 0
0.057 	 0.010 	 0
0.057 	 0.026 	 0
0.058 	 0.036 	 0
0.058 	 0.084 	 0
0.058 	 0.148 	 0
0.058 	 0.089 	 0
0.058 	 0.050 	 0
0.058 	 0.023 	 0
0.058 	 0.035 	 0
0.058 	 0.046 	 0
0.058 	 0.169 	 0
0.058 	 0.026 	 0
0.058 	 0.026 	 0
0.058 	 0.075 	 0
0.058 	 0.042 	 0
0.058 	 0.077 	 0
0.058 	 0.043 	 0
0.058 	 0.085 	 0
0.058 	 0.022 	 1
0.058 	 0.073 	 0
0.058 	 0.127 	 0
0.058 	 0.078 	 0
0.058 	 0.083 	 0
0.058 	 0.057 	 0
0.058 	 0.035 	 0
0.058 	 0.034 	 0
0.059 	 0.023 	 0
0.059 	 0.022 	 0
0.059 	 0.061 	 0
0.059 	 0.021 	 0
0.059 	 0.022 	 0
0.059 	 0.034 	 0
0.059 	 0.078 	 0
0.059 	 0.055 	 0
0.059 	 0.050 	 0
0.059 	 0.138 	 0
0.059 	 0.035 	 0
0.059 	 0.039 	 0
0.059 	 0.043 	 0
0.059 	 0.040 	 0
0.059 	 0.019 	 1
0.059 	 0.057 	 0
0.059 	 0.072 	 1
0.059 	 0.012 	 0
0.059 	 0.056 	 0
0.059 	 0.064 	 0
0.060 	 0.052 	 0
0.060 	 0.117 	 0
0.060 	 0.035 	 1
0.060 	 0.041 	 1
0.060 	 0.118 	 0
0.060 	 0.019 	 0
0.060 	 0.032 	 0
0.060 	 0.063 	 0
0.060 	 0.042 	 0
0.060 	 0.045 	 0
0.060 	 0.095 	 0
0.060 	 0.066 	 0
0.060 	 0.107 	 0
0.060 	 0.192 	 0
0.060 	 0.114 	 0
0.060 	 0.028 	 0
0.060 	 0.097 	 0
0.060 	 0.065 	 0
0.060 	 0.040 	 1
0.060 	 0.081 	 0
0.060 	 0.026 	 0
0.060 	 0.054 	 0
0.060 	 0.060 	 0
0.060 	 0.083 	 0
0.060 	 0.032 	 1
0.060 	 0.111 	 0
0.060 	 0.030 	 0
0.061 	 0.054 	 0
0.061 	 0.034 	 0
0.061 	 0.058 	 0
0.061 	 0.032 	 0
0.061 	 0.128 	 0
0.061 	 0.031 	 0
0.061 	 0.072 	 0
0.061 	 0.029 	 0
0.061 	 0.105 	 0
0.061 	 0.065 	 0
0.061 	 0.041 	 0
0.061 	 0.017 	 0
0.061 	 0.044 	 0
0.061 	 0.041 	 0
0.061 	 0.070 	 0
0.061 	 0.032 	 0
0.061 	 0.072 	 0
0.061 	 0.034 	 0
0.061 	 0.022 	 0
0.061 	 0.029 	 1
0.061 	 0.125 	 0
0.061 	 0.041 	 0
0.061 	 0.061 	 0
0.061 	 0.020 	 0
0.061 	 0.336 	 0
0.061 	 0.257 	 0
0.061 	 0.035 	 0
0.061 	 0.285 	 1
0.061 	 0.160 	 0
0.061 	 0.010 	 0
0.061 	 0.048 	 0
0.062 	 0.138 	 0
0.062 	 0.026 	 0
0.062 	 0.039 	 0
0.062 	 0.101 	 0
0.062 	 0.032 	 0
0.062 	 0.048 	 0
0.062 	 0.065 	 1
0.062 	 0.162 	 0
0.062 	 0.009 	 0
0.062 	 0.025 	 0
0.062 	 0.138 	 0
0.062 	 0.089 	 0
0.062 	 0.041 	 0
0.062 	 0.024 	 0
0.062 	 0.130 	 0
0.062 	 0.035 	 0
0.062 	 0.024 	 0
0.062 	 0.059 	 0
0.062 	 0.060 	 0
0.062 	 0.114 	 0
0.062 	 0.027 	 0
0.062 	 0.053 	 0
0.062 	 0.017 	 0
0.062 	 0.098 	 0
0.062 	 0.051 	 0
0.062 	 0.105 	 0
0.062 	 0.273 	 0
0.062 	 0.040 	 0
0.062 	 0.078 	 0
0.062 	 0.075 	 0
0.062 	 0.080 	 0
0.062 	 0.015 	 0
0.062 	 0.025 	 0
0.062 	 0.179 	 0
0.062 	 0.037 	 0
0.062 	 0.021 	 0
0.062 	 0.034 	 0
0.062 	 0.072 	 0
0.062 	 0.056 	 0
0.063 	 0.022 	 0
0.063 	 0.087 	 0
0.063 	 0.019 	 0
0.063 	 0.029 	 1
0.063 	 0.129 	 0
0.063 	 0.495 	 0
0.063 	 0.015 	 0
0.063 	 0.094 	 0
0.063 	 0.032 	 0
0.063 	 0.329 	 0
0.063 	 0.018 	 0
0.063 	 0.131 	 0
0.063 	 0.008 	 1
0.063 	 0.069 	 0
0.063 	 0.016 	 0
0.063 	 0.023 	 0
0.063 	 0.018 	 0
0.063 	 0.045 	 0
0.063 	 0.009 	 0
0.063 	 0.017 	 0
0.063 	 0.072 	 0
0.063 	 0.037 	 0
0.063 	 0.204 	 0
0.063 	 0.040 	 0
0.063 	 0.047 	 0
0.064 	 0.067 	 0
0.064 	 0.067 	 0
0.064 	 0.044 	 1
0.064 	 0.050 	 0
0.064 	 0.090 	 0
0.064 	 0.064 	 0
0.064 	 0.016 	 0
0.064 	 0.043 	 0
0.064 	 0.031 	 0
0.064 	 0.049 	 0
0.064 	 0.060 	 0
0.064 	 0.439 	 1
0.064 	 0.071 	 0
0.064 	 0.035 	 0
0.064 	 0.052 	 0
0.064 	 0.153 	 1
0.064 	 0.085 	 0
0.064 	 0.064 	 0
0.064 	 0.086 	 0
0.064 	 0.043 	 0
0.064 	 0.410 	 1
0.064 	 0.078 	 0
0.064 	 0.015 	 0
0.064 	 0.035 	 0
0.064 	 0.050 	 0
0.064 	 0.091 	 0
0.064 	 0.025 	 0
0.064 	 0.033 	 0
0.065 	 0.034 	 0
0.065 	 0.050 	 0
0.065 	 0.094 	 0
0.065 	 0.030 	 0
0.065 	 0.092 	 0
0.065 	 0.106 	 0
0.065 	 0.135 	 0
0.065 	 0.134 	 0
0.065 	 0.036 	 0
0.065 	 0.051 	 0
0.065 	 0.082 	 0
0.065 	 0.070 	 0
0.065 	 0.084 	 0
0.065 	 0.031 	 1
0.065 	 0.074 	 0
0.065 	 0.037 	 0
0.065 	 0.040 	 0
0.065 	 0.166 	 1
0.065 	 0.056 	 0
0.065 	 0.030 	 0
0.065 	 0.502 	 0
0.065 	 0.019 	 0
0.066 	 0.026 	 1
0.066 	 0.059 	 0
0.066 	 0.044 	 0
0.066 	 0.070 	 1
0.066 	 0.019 	 0
0.066 	 0.030 	 0
0.066 	 0.048 	 0
0.066 	 0.134 	 0
0.066 	 0.119 	 0
0.066 	 0.045 	 1
0.066 	 0.021 	 0
0.066 	 0.014 	 0
0.066 	 0.041 	 0
0.066 	 0.021 	 0
0.066 	 0.074 	 0
0.066 	 0.016 	 0
0.067 	 0.098 	 0
0.067 	 0.018 	 0
0.067 	 0.217 	 0
0.067 	 0.058 	 0
0.067 	 0.025 	 0
0.067 	 0.020 	 0
0.067 	 0.130 	 0
0.067 	 0.020 	 0
0.067 	 0.430 	 0
0.067 	 0.308 	 0
0.067 	 0.044 	 0
0.067 	 0.014 	 0
0.067 	 0.036 	 0
0.067 	 0.093 	 0
0.067 	 0.411 	 0
0.067 	 0.070 	 0
0.067 	 0.033 	 0
0.067 	 0.074 	 0
0.067 	 0.063 	 0
0.067 	 0.044 	 0
0.067 	 0.100 	 0
0.067 	 0.371 	 0
0.067 	 0.023 	 0
0.067 	 0.086 	 0
0.067 	 0.012 	 0
0.067 	 0.031 	 0
0.067 	 0.032 	 0
0.067 	 0.063 	 0
0.067 	 0.032 	 0
0.068 	 0.456 	 0
0.068 	 0.034 	 0
0.068 	 0.024 	 0
0.068 	 0.082 	 1
0.068 	 0.093 	 0
0.068 	 0.036 	 0
0.068 	 0.012 	 0
0.068 	 0.042 	 0
0.068 	 0.022 	 0
0.068 	 0.031 	 0
0.068 	 0.096 	 0
0.068 	 0.020 	 0
0.068 	 0.028 	 0
0.068 	 0.135 	 0
0.068 	 0.068 	 0
0.068 	 0.052 	 0
0.068 	 0.570 	 0
0.068 	 0.145 	 0
0.068 	 0.022 	 0
0.068 	 0.093 	 0
0.068 	 0.018 	 0
0.068 	 0.074 	 1
0.068 	 0.020 	 0
0.068 	 0.111 	 0
0.068 	 0.044 	 0
0.068 	 0.039 	 0
0.068 	 0.059 	 0
0.068 	 0.061 	 0
0.068 	 0.012 	 0
0.069 	 0.094 	 0
0.069 	 0.029 	 0
0.069 	 0.008 	 0
0.069 	 0.070 	 0
0.069 	 0.018 	 0
0.069 	 0.031 	 0
0.069 	 0.036 	 0
0.069 	 0.050 	 1
0.069 	 0.024 	 0
0.069 	 0.131 	 0
0.069 	 0.045 	 0
0.069 	 0.036 	 0
0.069 	 0.020 	 0
0.069 	 0.036 	 0
0.069 	 0.114 	 0
0.069 	 0.049 	 0
0.069 	 0.027 	 0
0.069 	 0.102 	 0
0.069 	 0.021 	 0
0.069 	 0.041 	 0
0.069 	 0.095 	 0
0.069 	 0.073 	 0
0.069 	 0.065 	 0
0.069 	 0.024 	 0
0.069 	 0.024 	 1
0.069 	 0.060 	 0
0.069 	 0.019 	 0
0.069 	 0.096 	 0
0.069 	 0.026 	 0
0.070 	 0.048 	 0
0.070 	 0.010 	 0
0.070 	 0.072 	 0
0.070 	 0.016 	 0
0.070 	 0.051 	 0
0.070 	 0.030 	 0
0.070 	 0.079 	 0
0.070 	 0.013 	 0
0.070 	 0.041 	 0
0.070 	 0.018 	 0
0.070 	 0.045 	 0
0.070 	 0.039 	 0
0.070 	 0.026 	 0
0.070 	 0.273 	 0
0.070 	 0.107 	 0
0.070 	 0.025 	 0
0.070 	 0.070 	 0
0.070 	 0.017 	 0
0.070 	 0.029 	 0
0.070 	 0.019 	 0
0.070 	 0.134 	 0
0.070 	 0.040 	 0
0.070 	 0.049 	 0
0.071 	 0.063 	 0
0.071 	 0.025 	 0
0.071 	 0.070 	 0
0.071 	 0.133 	 0
0.071 	 0.076 	 0
0.071 	 0.073 	 0
0.071 	 0.056 	 0
0.071 	 0.077 	 0
0.071 	 0.040 	 0
0.071 	 0.028 	 0
0.071 	 0.044 	 0
0.071 	 0.166 	 0
0.071 	 0.063 	 0
0.071 	 0.025 	 0
0.071 	 0.089 	 0
0.071 	 0.035 	 0
0.071 	 0.059 	 0
0.071 	 0.012 	 0
0.071 	 0.058 	 0
0.071 	 0.018 	 0
0.071 	 0.022 	 0
0.071 	 0.036 	 0
0.071 	 0.058 	 0
0.071 	 0.032 	 0
0.071 	 0.050 	 0
0.071 	 0.043 	 0
0.071 	 0.078 	 0
0.071 	 0.071 	 0
0.071 	 0.030 	 0
0.071 	 0.442 	 0
0.071 	 0.025 	 0
0.071 	 0.155 	 1
0.071 	 0.017 	 0
0.071 	 0.069 	 0
0.072 	 0.020 	 0
0.072 	 0.137 	 0
0.072 	 0.032 	 0
0.072 	 0.158 	 0
0.072 	 0.240 	 0
0.072 	 0.473 	 0
0.072 	 0.029 	 0
0.072 	 0.064 	 0
0.072 	 0.040 	 0
0.072 	 0.125 	 0
0.072 	 0.042 	 0
0.072 	 0.067 	 0
0.072 	 0.122 	 0
0.072 	 0.029 	 0
0.072 	 0.021 	 0
0.072 	 0.026 	 0
0.072 	 0.028 	 1
0.072 	 0.051 	 0
0.072 	 0.060 	 0
0.072 	 0.017 	 0
0.072 	 0.037 	 0
0.072 	 0.060 	 0
0.072 	 0.036 	 0
0.072 	 0.036 	 0
0.072 	 0.013 	 1
0.072 	 0.098 	 0
0.072 	 0.035 	 0
0.072 	 0.018 	 0
0.072 	 0.024 	 0
0.072 	 0.044 	 0
0.072 	 0.029 	 0
0.072 	 0.030 	 0
0.072 	 0.041 	 0
0.073 	 0.085 	 0
0.073 	 0.139 	 0
0.073 	 0.111 	 0
0.073 	 0.029 	 0
0.073 	 0.053 	 0
0.073 	 0.133 	 0
0.073 	 0.107 	 0
0.073 	 0.047 	 0
0.073 	 0.568 	 0
0.073 	 0.060 	 0
0.073 	 0.085 	 0
0.073 	 0.052 	 0
0.073 	 0.011 	 0
0.073 	 0.015 	 0
0.073 	 0.043 	 0
0.073 	 0.063 	 0
0.073 	 0.035 	 0
0.073 	 0.045 	 0
0.073 	 0.018 	 0
0.073 	 0.090 	 0
0.073 	 0.090 	 0
0.074 	 0.043 	 0
0.074 	 0.046 	 0
0.074 	 0.085 	 0
0.074 	 0.080 	 1
0.074 	 0.383 	 0
0.074 	 0.027 	 0
0.074 	 0.046 	 0
0.074 	 0.062 	 0
0.074 	 0.078 	 0
0.074 	 0.132 	 0
0.074 	 0.033 	 1
0.074 	 0.025 	 0
0.074 	 0.017 	 0
0.074 	 0.073 	 0
0.074 	 0.027 	 0
0.074 	 0.429 	 0
0.074 	 0.036 	 0
0.074 	 0.017 	 0
0.074 	 0.108 	 0
0.074 	 0.034 	 0
0.074 	 0.079 	 0
0.074 	 0.021 	 0
0.074 	 0.033 	 0
0.074 	 0.056 	 0
0.074 	 0.027 	 0
0.074 	 0.012 	 0
0.074 	 0.064 	 0
0.074 	 0.421 	 0
0.075 	 0.027 	 0
0.075 	 0.022 	 0
0.075 	 0.046 	 0
0.075 	 0.016 	 0
0.075 	 0.018 	 0
0.075 	 0.026 	 0
0.075 	 0.060 	 0
0.075 	 0.036 	 0
0.075 	 0.023 	 0
0.075 	 0.041 	 0
0.075 	 0.024 	 0
0.075 	 0.092 	 0
0.075 	 0.047 	 0
0.075 	 0.473 	 0
0.075 	 0.039 	 0
0.075 	 0.020 	 0
0.075 	 0.030 	 0
0.075 	 0.127 	 0
0.076 	 0.081 	 0
0.076 	 0.079 	 0
0.076 	 0.017 	 0
0.076 	 0.035 	 0
0.076 	 0.027 	 0
0.076 	 0.067 	 0
0.076 	 0.022 	 0
0.076 	 0.134 	 0
0.076 	 0.006 	 0
0.076 	 0.032 	 0
0.076 	 0.053 	 0
0.076 	 0.040 	 0
0.076 	 0.019 	 0
0.076 	 0.398 	 0
0.076 	 0.022 	 0
0.076 	 0.072 	 0
0.076 	 0.019 	 0
0.076 	 0.069 	 0
0.076 	 0.044 	 0
0.076 	 0.080 	 0
0.076 	 0.131 	 0
0.076 	 0.029 	 0
0.077 	 0.083 	 0
0.077 	 0.073 	 0
0.077 	 0.084 	 0
0.077 	 0.064 	 0
0.077 	 0.043 	 0
0.077 	 0.074 	 0
0.077 	 0.381 	 1
0.077 	 0.125 	 1
0.077 	 0.079 	 0
0.077 	 0.223 	 0
0.077 	 0.048 	 0
0.077 	 0.062 	 0
0.077 	 0.026 	 0
0.077 	 0.036 	 1
0.077 	 0.051 	 0
0.077 	 0.090 	 1
0.077 	 0.117 	 0
0.078 	 0.122 	 0
0.078 	 0.056 	 0
0.078 	 0.015 	 0
0.078 	 0.100 	 0
0.078 	 0.062 	 0
0.078 	 0.061 	 0
0.078 	 0.053 	 0
0.078 	 0.076 	 0
0.078 	 0.071 	 0
0.078 	 0.169 	 0
0.078 	 0.019 	 0
0.078 	 0.050 	 0
0.078 	 0.031 	 0
0.078 	 0.069 	 0
0.078 	 0.047 	 0
0.078 	 0.052 	 0
0.078 	 0.061 	 0
0.078 	 0.186 	 0
0.078 	 0.028 	 0
0.078 	 0.036 	 0
0.078 	 0.026 	 0
0.079 	 0.036 	 0
0.079 	 0.012 	 0
0.079 	 0.029 	 0
0.079 	 0.067 	 0
0.079 	 0.082 	 0
0.079 	 0.049 	 0
0.079 	 0.060 	 0
0.079 	 0.136 	 1
0.079 	 0.017 	 0
0.079 	 0.062 	 0
0.079 	 0.018 	 0
0.079 	 0.049 	 0
0.079 	 0.025 	 0
0.079 	 0.566 	 0
0.079 	 0.096 	 0
0.079 	 0.143 	 1
0.079 	 0.094 	 0
0.079 	 0.019 	 0
0.079 	 0.104 	 0
0.079 	 0.108 	 0
0.079 	 0.094 	 0
0.079 	 0.073 	 0
0.080 	 0.024 	 0
0.080 	 0.029 	 0
0.080 	 0.026 	 0
0.080 	 0.054 	 0
0.080 	 0.085 	 0
0.080 	 0.579 	 0
0.080 	 0.037 	 0
0.080 	 0.050 	 0
0.080 	 0.027 	 1
0.080 	 0.063 	 0
0.080 	 0.459 	 0
0.080 	 0.032 	 0
0.080 	 0.082 	 0
0.080 	 0.097 	 0
0.080 	 0.046 	 0
0.080 	 0.027 	 0
0.080 	 0.050 	 0
0.080 	 0.079 	 1
0.080 	 0.131 	 0
0.080 	 0.130 	 0
0.080 	 0.071 	 0
0.080 	 0.023 	 1
0.080 	 0.078 	 0
0.081 	 0.456 	 0
0.081 	 0.031 	 0
0.081 	 0.048 	 0
0.081 	 0.035 	 1
0.081 	 0.020 	 0
0.081 	 0.049 	 0
0.081 	 0.041 	 0
0.081 	 0.018 	 1
0.081 	 0.035 	 0
0.081 	 0.011 	 0
0.081 	 0.086 	 0
0.081 	 0.049 	 0
0.081 	 0.070 	 0
0.081 	 0.033 	 0
0.081 	 0.021 	 0
0.081 	 0.039 	 0
0.081 	 0.236 	 0
0.081 	 0.062 	 0
0.082 	 0.056 	 0
0.082 	 0.052 	 0
0.082 	 0.045 	 0
0.082 	 0.010 	 0
0.082 	 0.118 	 0
0.082 	 0.062 	 0
0.082 	 0.019 	 0
0.082 	 0.045 	 0
0.082 	 0.086 	 0
0.082 	 0.087 	 0
0.082 	 0.090 	 0
0.082 	 0.127 	 0
0.082 	 0.068 	 0
0.082 	 0.045 	 1
0.082 	 0.079 	 0
0.082 	 0.115 	 0
0.082 	 0.048 	 0
0.083 	 0.108 	 0
0.083 	 0.264 	 0
0.083 	 0.154 	 0
0.083 	 0.054 	 0
0.083 	 0.016 	 0
0.083 	 0.082 	 0
0.083 	 0.058 	 0
0.083 	 0.079 	 0
0.083 	 0.064 	 0
0.083 	 0.031 	 0
0.083 	 0.037 	 0
0.083 	 0.065 	 0
0.084 	 0.067 	 0
0.084 	 0.099 	 0
0.084 	 0.025 	 0
0.084 	 0.089 	 1
0.084 	 0.036 	 0
0.084 	 0.047 	 0
0.084 	 0.021 	 1
0.084 	 0.017 	 1
0.084 	 0.396 	 0
0.084 	 0.071 	 0
0.084 	 0.102 	 0
0.084 	 0.031 	 0
0.084 	 0.081 	 0
0.084 	 0.024 	 0
0.084 	 0.115 	 0
0.084 	 0.147 	 0
0.084 	 0.045 	 0
0.084 	 0.149 	 0
0.084 	 0.072 	 0
0.084 	 0.015 	 0
0.084 	 0.045 	 0
0.084 	 0.124 	 0
0.084 	 0.018 	 1
0.084 	 0.042 	 0
0.085 	 0.019 	 0
0.085 	 0.067 	 0
0.085 	 0.040 	 0
0.085 	 0.044 	 1
0.085 	 0.018 	 0
0.085 	 0.039 	 0
0.085 	 0.048 	 0
0.085 	 0.017 	 0
0.085 	 0.024 	 0
0.085 	 0.051 	 0
0.085 	 0.032 	 0
0.085 	 0.026 	 0
0.085 	 0.026 	 0
0.085 	 0.048 	 0
0.085 	 0.012 	 0
0.085 	 0.072 	 0
0.085 	 0.071 	 0
0.086 	 0.095 	 0
0.086 	 0.449 	 0
0.086 	 0.035 	 0
0.086 	 0.056 	 0
0.086 	 0.017 	 0
0.086 	 0.052 	 0
0.086 	 0.041 	 0
0.086 	 0.022 	 0
0.086 	 0.154 	 0
0.086 	 0.067 	 0
0.086 	 0.141 	 0
0.086 	 0.064 	 0
0.086 	 0.024 	 0
0.086 	 0.047 	 0
0.086 	 0.015 	 0
0.086 	 0.026 	 0
0.086 	 0.071 	 0
0.086 	 0.066 	 0
0.087 	 0.022 	 0
0.087 	 0.042 	 0
0.087 	 0.041 	 0
0.087 	 0.043 	 0
0.087 	 0.057 	 0
0.087 	 0.081 	 0
0.087 	 0.060 	 0
0.087 	 0.028 	 0
0.087 	 0.035 	 0
0.087 	 0.032 	 0
0.087 	 0.020 	 0
0.087 	 0.060 	 0
0.087 	 0.026 	 0
0.087 	 0.056 	 0
0.087 	 0.025 	 0
0.088 	 0.050 	 0
0.088 	 0.050 	 1
0.088 	 0.009 	 0
0.088 	 0.046 	 0
0.088 	 0.024 	 0
0.088 	 0.025 	 0
0.088 	 0.028 	 0
0.088 	 0.307 	 0
0.088 	 0.091 	 0
0.088 	 0.035 	 0
0.088 	 0.030 	 0
0.088 	 0.076 	 0
0.088 	 0.078 	 0
0.088 	 0.076 	 0
0.088 	 0.070 	 0
0.089 	 0.098 	 0
0.089 	 0.018 	 0
0.089 	 0.020 	 0
0.089 	 0.112 	 0
0.089 	 0.089 	 0
0.089 	 0.034 	 0
0.089 	 0.027 	 0
0.089 	 0.033 	 0
0.089 	 0.020 	 0
0.089 	 0.130 	 0
0.089 	 0.037 	 0
0.089 	 0.098 	 0
0.089 	 0.046 	 0
0.089 	 0.027 	 0
0.089 	 0.037 	 0
0.089 	 0.029 	 0
0.089 	 0.157 	 0
0.089 	 0.158 	 0
0.090 	 0.113 	 0
0.090 	 0.048 	 0
0.090 	 0.033 	 0
0.090 	 0.038 	 0
0.090 	 0.066 	 0
0.090 	 0.078 	 0
0.090 	 0.026 	 0
0.090 	 0.108 	 0
0.090 	 0.201 	 0
0.090 	 0.090 	 0
0.090 	 0.093 	 0
0.090 	 0.112 	 0
0.091 	 0.025 	 0
0.091 	 0.036 	 0
0.091 	 0.041 	 0
0.091 	 0.099 	 0
0.091 	 0.026 	 0
0.091 	 0.022 	 0
0.091 	 0.015 	 0
0.091 	 0.062 	 0
0.091 	 0.052 	 1
0.091 	 0.057 	 0
0.091 	 0.022 	 0
0.091 	 0.022 	 0
0.091 	 0.023 	 0
0.091 	 0.284 	 0
0.091 	 0.031 	 0
0.091 	 0.179 	 0
0.091 	 0.069 	 0
0.091 	 0.015 	 0
0.091 	 0.042 	 0
0.091 	 0.063 	 0
0.091 	 0.165 	 0
0.091 	 0.065 	 0
0.091 	 0.041 	 0
0.092 	 0.036 	 1
0.092 	 0.035 	 0
0.092 	 0.131 	 0
0.092 	 0.019 	 0
0.092 	 0.032 	 1
0.092 	 0.054 	 0
0.092 	 0.033 	 0
0.092 	 0.032 	 0
0.092 	 0.027 	 0
0.093 	 0.050 	 0
0.093 	 0.059 	 0
0.093 	 0.019 	 0
0.093 	 0.072 	 0
0.093 	 0.026 	 0
0.093 	 0.026 	 1
0.093 	 0.020 	 0
0.093 	 0.157 	 0
0.093 	 0.087 	 0
0.093 	 0.045 	 0
0.094 	 0.067 	 0
0.094 	 0.098 	 0
0.094 	 0.015 	 0
0.094 	 0.381 	 0
0.094 	 0.063 	 0
0.094 	 0.041 	 0
0.094 	 0.072 	 1
0.094 	 0.031 	 0
0.094 	 0.010 	 0
0.094 	 0.034 	 0
0.094 	 0.078 	 0
0.094 	 0.057 	 0
0.094 	 0.048 	 0
0.094 	 0.026 	 0
0.094 	 0.120 	 0
0.094 	 0.091 	 1
0.094 	 0.073 	 0
0.095 	 0.083 	 0
0.095 	 0.018 	 0
0.095 	 0.023 	 0
0.095 	 0.062 	 0
0.095 	 0.072 	 1
0.095 	 0.068 	 0
0.095 	 0.040 	 0
0.095 	 0.104 	 0
0.095 	 0.041 	 0
0.095 	 0.076 	 0
0.095 	 0.132 	 0
0.095 	 0.020 	 1
0.096 	 0.079 	 0
0.096 	 0.074 	 0
0.096 	 0.028 	 0
0.096 	 0.054 	 0
0.096 	 0.032 	 0
0.096 	 0.094 	 0
0.096 	 0.035 	 0
0.096 	 0.028 	 0
0.096 	 0.025 	 0
0.096 	 0.091 	 0
0.096 	 0.047 	 0
0.096 	 0.049 	 0
0.096 	 0.085 	 0
0.096 	 0.049 	 0
0.097 	 0.019 	 0
0.097 	 0.126 	 0
0.097 	 0.048 	 0
0.097 	 0.026 	 0
0.097 	 0.062 	 0
0.097 	 0.088 	 0
0.097 	 0.028 	 0
0.097 	 0.036 	 0
0.098 	 0.021 	 0
0.098 	 0.068 	 0
0.098 	 0.021 	 0
0.098 	 0.037 	 0
0.098 	 0.515 	 0
0.098 	 0.279 	 0
0.098 	 0.080 	 1
0.098 	 0.017 	 0
0.098 	 0.029 	 0
0.098 	 0.063 	 1
0.098 	 0.097 	 0
0.098 	 0.012 	 0
0.098 	 0.052 	 0
0.098 	 0.042 	 0
0.099 	 0.044 	 0
0.099 	 0.028 	 0
0.099 	 0.031 	 0
0.099 	 0.032 	 0
0.099 	 0.115 	 0
0.099 	 0.063 	 0
0.099 	 0.084 	 0
0.099 	 0.027 	 0
0.099 	 0.061 	 0
0.099 	 0.059 	 0
0.099 	 0.035 	 0
0.100 	 0.445 	 0
0.100 	 0.016 	 0
0.100 	 0.061 	 0
0.100 	 0.041 	 0
0.100 	 0.014 	 0
0.100 	 0.181 	 0
0.100 	 0.074 	 0
0.100 	 0.024 	 0
0.100 	 0.040 	 0
0.101 	 0.033 	 0
0.101 	 0.039 	 1
0.101 	 0.024 	 0
0.101 	 0.165 	 1
0.102 	 0.055 	 1
0.102 	 0.025 	 0
0.102 	 0.055 	 0
0.102 	 0.027 	 0
0.102 	 0.084 	 0
0.102 	 0.088 	 0
0.102 	 0.021 	 0
0.102 	 0.045 	 0
0.102 	 0.030 	 0
0.102 	 0.045 	 0
0.102 	 0.015 	 0
0.102 	 0.101 	 0
0.102 	 0.111 	 0
0.103 	 0.029 	 0
0.103 	 0.332 	 0
0.103 	 0.027 	 0
0.103 	 0.026 	 0
0.103 	 0.054 	 0
0.103 	 0.025 	 0
0.103 	 0.018 	 0
0.103 	 0.120 	 0
0.103 	 0.072 	 0
0.103 	 0.055 	 0
0.103 	 0.018 	 0
0.104 	 0.070 	 0
0.104 	 0.094 	 0
0.104 	 0.064 	 0
0.104 	 0.031 	 0
0.104 	 0.048 	 0
0.104 	 0.023 	 0
0.104 	 0.025 	 0
0.105 	 0.042 	 0
0.105 	 0.084 	 0
0.105 	 0.030 	 0
0.105 	 0.124 	 0
0.105 	 0.043 	 0
0.105 	 0.091 	 0
0.105 	 0.098 	 0
0.105 	 0.059 	 0
0.106 	 0.050 	 0
0.106 	 0.021 	 0
0.106 	 0.028 	 0
0.106 	 0.545 	 0
0.106 	 0.052 	 0
0.106 	 0.124 	 0
0.106 	 0.076 	 0
0.106 	 0.025 	 0
0.106 	 0.025 	 0
0.107 	 0.027 	 0
0.107 	 0.032 	 1
0.107 	 0.049 	 1
0.107 	 0.060 	 1
0.107 	 0.039 	 0
0.107 	 0.095 	 0
0.107 	 0.041 	 1
0.107 	 0.087 	 1
0.107 	 0.081 	 0
0.107 	 0.077 	 0
0.107 	 0.066 	 0
0.107 	 0.025 	 0
0.107 	 0.022 	 0
0.108 	 0.061 	 0
0.108 	 0.134 	 0
0.108 	 0.014 	 0
0.108 	 0.026 	 0
0.108 	 0.111 	 1
0.108 	 0.035 	 0
0.108 	 0.073 	 1
0.108 	 0.119 	 0
0.108 	 0.068 	 0
0.108 	 0.027 	 0
0.108 	 0.025 	 0
0.108 	 0.441 	 0
0.108 	 0.053 	 0
0.108 	 0.362 	 0
0.109 	 0.061 	 0
0.109 	 0.042 	 0
0.109 	 0.026 	 0
0.109 	 0.047 	 0
0.109 	 0.015 	 0
0.109 	 0.053 	 0
0.110 	 0.046 	 0
0.110 	 0.080 	 0
0.110 	 0.048 	 0
0.110 	 0.251 	 0
0.110 	 0.023 	 0
0.110 	 0.017 	 0
0.111 	 0.116 	 0
0.111 	 0.136 	 0
0.111 	 0.096 	 0
0.111 	 0.016 	 0
0.111 	 0.050 	 0
0.111 	 0.091 	 0
0.111 	 0.067 	 0
0.112 	 0.019 	 0
0.112 	 0.080 	 0
0.112 	 0.085 	 0
0.112 	 0.180 	 0
0.112 	 0.028 	 0
0.112 	 0.130 	 0
0.112 	 0.030 	 1
0.112 	 0.023 	 1
0.113 	 0.063 	 0
0.113 	 0.030 	 0
0.113 	 0.139 	 1
0.113 	 0.026 	 0
0.114 	 0.041 	 0
0.114 	 0.061 	 1
0.114 	 0.022 	 1
0.114 	 0.045 	 0
0.114 	 0.032 	 0
0.114 	 0.055 	 0
0.115 	 0.047 	 0
0.115 	 0.026 	 1
0.115 	 0.049 	 0
0.115 	 0.047 	 0
0.115 	 0.080 	 0
0.115 	 0.008 	 0
0.115 	 0.057 	 1
0.115 	 0.037 	 0
0.116 	 0.026 	 0
0.116 	 0.038 	 0
0.116 	 0.027 	 0
0.116 	 0.126 	 0
0.116 	 0.053 	 1
0.116 	 0.013 	 0
0.116 	 0.080 	 1
0.116 	 0.036 	 0
0.116 	 0.439 	 0
0.116 	 0.046 	 0
0.116 	 0.016 	 0
0.116 	 0.075 	 1
0.117 	 0.062 	 0
0.117 	 0.189 	 0
0.117 	 0.040 	 0
0.117 	 0.050 	 0
0.117 	 0.109 	 0
0.117 	 0.039 	 0
0.117 	 0.144 	 0
0.118 	 0.040 	 0
0.118 	 0.057 	 0
0.118 	 0.031 	 0
0.118 	 0.158 	 0
0.118 	 0.031 	 0
0.118 	 0.027 	 1
0.119 	 0.067 	 0
0.119 	 0.070 	 0
0.119 	 0.092 	 1
0.119 	 0.057 	 0
0.119 	 0.064 	 0
0.120 	 0.047 	 1
0.120 	 0.018 	 1
0.120 	 0.076 	 1
0.120 	 0.074 	 0
0.120 	 0.020 	 0
0.120 	 0.097 	 0
0.121 	 0.019 	 0
0.121 	 0.020 	 1
0.121 	 0.030 	 0
0.121 	 0.089 	 0
0.121 	 0.083 	 0
0.122 	 0.015 	 0
0.122 	 0.056 	 0
0.122 	 0.032 	 0
0.122 	 0.039 	 0
0.122 	 0.029 	 0
0.123 	 0.069 	 1
0.123 	 0.036 	 0
0.123 	 0.028 	 0
0.123 	 0.043 	 0
0.123 	 0.099 	 1
0.123 	 0.070 	 1
0.123 	 0.016 	 0
0.124 	 0.070 	 0
0.124 	 0.045 	 0
0.124 	 0.063 	 0
0.124 	 0.142 	 0
0.124 	 0.047 	 1
0.124 	 0.089 	 0
0.124 	 0.019 	 0
0.124 	 0.051 	 1
0.124 	 0.135 	 0
0.125 	 0.157 	 0
0.125 	 0.063 	 0
0.125 	 0.047 	 1
0.125 	 0.077 	 1
0.125 	 0.152 	 0
0.125 	 0.017 	 0
0.125 	 0.074 	 0
0.125 	 0.397 	 0
0.126 	 0.058 	 0
0.126 	 0.029 	 0
0.126 	 0.040 	 0
0.126 	 0.033 	 0
0.126 	 0.044 	 1
0.126 	 0.255 	 0
0.127 	 0.079 	 0
0.127 	 0.040 	 1
0.127 	 0.054 	 0
0.127 	 0.490 	 0
0.127 	 0.048 	 0
0.127 	 0.215 	 0
0.127 	 0.097 	 1
0.127 	 0.047 	 1
0.127 	 0.033 	 0
0.127 	 0.039 	 0
0.127 	 0.051 	 0
0.128 	 0.032 	 0
0.128 	 0.042 	 0
0.128 	 0.101 	 0
0.128 	 0.045 	 0
0.129 	 0.053 	 0
0.129 	 0.062 	 0
0.130 	 0.059 	 0
0.130 	 0.044 	 0
0.130 	 0.052 	 0
0.130 	 0.094 	 0
0.130 	 0.102 	 0
0.130 	 0.031 	 1
0.130 	 0.050 	 1
0.131 	 0.104 	 0
0.131 	 0.009 	 0
0.131 	 0.080 	 0
0.131 	 0.055 	 0
0.131 	 0.080 	 0
0.131 	 0.051 	 0
0.132 	 0.040 	 0
0.132 	 0.067 	 0
0.132 	 0.025 	 1
0.132 	 0.047 	 0
0.132 	 0.364 	 0
0.132 	 0.071 	 0
0.133 	 0.019 	 1
0.133 	 0.030 	 1
0.133 	 0.067 	 0
0.133 	 0.486 	 0
0.133 	 0.095 	 0
0.133 	 0.354 	 0
0.134 	 0.081 	 0
0.134 	 0.038 	 0
0.134 	 0.062 	 0
0.134 	 0.046 	 1
0.134 	 0.107 	 1
0.134 	 0.041 	 0
0.134 	 0.021 	 0
0.134 	 0.047 	 0
0.135 	 0.031 	 0
0.135 	 0.157 	 0
0.135 	 0.048 	 0
0.135 	 0.047 	 0
0.135 	 0.026 	 0
0.136 	 0.031 	 0
0.136 	 0.074 	 0
0.136 	 0.522 	 0
0.136 	 0.039 	 0
0.136 	 0.037 	 0
0.136 	 0.466 	 0
0.137 	 0.102 	 0
0.137 	 0.062 	 0
0.137 	 0.033 	 1
0.137 	 0.038 	 0
0.138 	 0.109 	 0
0.138 	 0.220 	 0
0.138 	 0.104 	 0
0.138 	 0.011 	 0
0.138 	 0.131 	 0
0.138 	 0.078 	 0
0.139 	 0.026 	 1
0.139 	 0.085 	 0
0.139 	 0.033 	 0
0.139 	 0.084 	 0
0.139 	 0.036 	 1
0.139 	 0.038 	 0
0.139 	 0.056 	 0
0.140 	 0.050 	 0
0.140 	 0.016 	 0
0.141 	 0.069 	 0
0.141 	 0.046 	 1
0.142 	 0.034 	 1
0.142 	 0.058 	 0
0.142 	 0.025 	 0
0.143 	 0.035 	 0
0.143 	 0.136 	 0
0.143 	 0.029 	 0
0.143 	 0.041 	 0
0.144 	 0.017 	 0
0.144 	 0.033 	 0
0.144 	 0.032 	 0
0.144 	 0.107 	 0
0.144 	 0.074 	 0
0.145 	 0.020 	 0
0.145 	 0.132 	 0
0.145 	 0.018 	 0
0.146 	 0.099 	 1
0.146 	 0.025 	 1
0.146 	 0.075 	 0
0.147 	 0.089 	 0
0.147 	 0.074 	 0
0.148 	 0.313 	 1
0.149 	 0.084 	 0
0.149 	 0.017 	 0
0.149 	 0.040 	 0
0.150 	 0.218 	 0
0.151 	 0.059 	 0
0.151 	 0.048 	 0
0.152 	 0.010 	 0
0.152 	 0.466 	 0
0.152 	 0.067 	 0
0.152 	 0.091 	 0
0.152 	 0.063 	 0
0.153 	 0.015 	 0
0.153 	 0.019 	 0
0.154 	 0.023 	 0
0.154 	 0.105 	 0
0.154 	 0.053 	 1
0.154 	 0.527 	 0
0.155 	 0.084 	 0
0.155 	 0.015 	 0
0.155 	 0.061 	 0
0.155 	 0.043 	 1
0.156 	 0.072 	 0
0.156 	 0.363 	 0
0.157 	 0.025 	 0
0.157 	 0.017 	 0
0.157 	 0.075 	 0
0.157 	 0.033 	 0
0.157 	 0.071 	 0
0.157 	 0.087 	 0
0.157 	 0.038 	 0
0.157 	 0.406 	 0
0.158 	 0.078 	 1
0.158 	 0.161 	 0
0.158 	 0.057 	 0
0.158 	 0.086 	 0
0.158 	 0.016 	 0
0.158 	 0.074 	 0
0.160 	 0.029 	 0
0.160 	 0.115 	 1
0.161 	 0.194 	 1
0.161 	 0.035 	 1
0.161 	 0.064 	 0
0.162 	 0.103 	 0
0.163 	 0.084 	 0
0.163 	 0.026 	 0
0.164 	 0.018 	 0
0.164 	 0.024 	 0
0.164 	 0.123 	 0
0.165 	 0.068 	 0
0.165 	 0.023 	 0
0.166 	 0.083 	 1
0.166 	 0.018 	 1
0.166 	 0.075 	 1
0.166 	 0.085 	 0
0.169 	 0.249 	 0
0.169 	 0.182 	 0
0.169 	 0.115 	 0
0.169 	 0.010 	 1
0.170 	 0.076 	 0
0.175 	 0.040 	 0
0.176 	 0.027 	 0
0.176 	 0.031 	 0
0.179 	 0.052 	 0
0.179 	 0.080 	 0
0.179 	 0.133 	 1
0.179 	 0.017 	 0
0.179 	 0.095 	 0
0.180 	 0.080 	 0
0.181 	 0.100 	 0
0.182 	 0.058 	 0
0.185 	 0.031 	 1
0.186 	 0.053 	 0
0.186 	 0.155 	 1
0.189 	 0.022 	 1
0.189 	 0.106 	 0
0.191 	 0.019 	 0
0.192 	 0.053 	 0
0.193 	 0.027 	 0
0.194 	 0.087 	 0
0.194 	 0.109 	 0
0.200 	 0.273 	 0
0.201 	 0.014 	 0
0.203 	 0.527 	 0
0.204 	 0.084 	 1
0.215 	 0.025 	 1
0.217 	 0.024 	 0
0.218 	 0.026 	 0
0.218 	 0.018 	 0
0.219 	 0.027 	 1
0.220 	 0.559 	 1
0.220 	 0.050 	 0
0.221 	 0.028 	 0
0.223 	 0.085 	 0
0.223 	 0.236 	 0
0.226 	 0.008 	 0
0.231 	 0.026 	 1
0.232 	 0.088 	 0
0.236 	 0.092 	 1
0.236 	 0.119 	 0
0.240 	 0.029 	 1
0.245 	 0.074 	 1
0.245 	 0.068 	 0
0.249 	 0.080 	 0
0.251 	 0.069 	 0
0.255 	 0.164 	 0
0.257 	 0.040 	 0
0.263 	 0.166 	 0
0.263 	 0.031 	 0
0.264 	 0.028 	 1
0.273 	 0.047 	 1
0.273 	 0.072 	 0
0.273 	 0.069 	 0
0.273 	 0.058 	 1
0.277 	 0.081 	 0
0.279 	 0.016 	 0
0.284 	 0.021 	 0
0.285 	 0.042 	 0
0.285 	 0.045 	 1
0.286 	 0.053 	 1
0.287 	 0.114 	 0
0.292 	 0.074 	 0
0.299 	 0.026 	 0
0.305 	 0.049 	 0
0.306 	 0.018 	 0
0.307 	 0.012 	 1
0.307 	 0.123 	 0
0.308 	 0.126 	 1
0.308 	 0.064 	 1
0.313 	 0.072 	 1
0.321 	 0.137 	 0
0.322 	 0.030 	 0
0.323 	 0.079 	 0
0.329 	 0.084 	 1
0.329 	 0.040 	 1
0.332 	 0.091 	 0
0.336 	 0.040 	 1
0.336 	 0.046 	 0
0.337 	 0.060 	 1
0.338 	 0.095 	 0
0.342 	 0.071 	 0
0.342 	 0.305 	 0
0.343 	 0.042 	 1
0.343 	 0.060 	 1
0.343 	 0.073 	 1
0.346 	 0.132 	 1
0.354 	 0.012 	 1
0.354 	 0.089 	 0
0.356 	 0.048 	 1
0.359 	 0.056 	 0
0.361 	 0.146 	 0
0.362 	 0.077 	 0
0.363 	 0.037 	 1
0.363 	 0.011 	 0
0.364 	 0.169 	 0
0.364 	 0.025 	 0
0.366 	 0.095 	 0
0.369 	 0.025 	 0
0.370 	 0.011 	 0
0.371 	 0.041 	 1
0.371 	 0.031 	 1
0.375 	 0.030 	 0
0.376 	 0.363 	 1
0.378 	 0.008 	 0
0.379 	 0.034 	 0
0.381 	 0.020 	 0
0.381 	 0.023 	 0
0.381 	 0.051 	 1
0.381 	 0.059 	 1
0.383 	 0.028 	 0
0.383 	 0.149 	 0
0.386 	 0.049 	 0
0.386 	 0.025 	 0
0.392 	 0.057 	 1
0.394 	 0.120 	 0
0.396 	 0.060 	 0
0.397 	 0.139 	 0
0.398 	 0.019 	 0
0.399 	 0.028 	 1
0.402 	 0.111 	 1
0.406 	 0.050 	 0
0.410 	 0.105 	 1
0.411 	 0.016 	 0
0.411 	 0.057 	 0
0.421 	 0.036 	 0
0.425 	 0.068 	 1
0.425 	 0.056 	 0
0.428 	 0.021 	 0
0.429 	 0.078 	 1
0.430 	 0.092 	 1
0.430 	 0.019 	 1
0.433 	 0.342 	 0
0.433 	 0.068 	 0
0.434 	 0.112 	 1
0.436 	 0.063 	 0
0.439 	 0.071 	 0
0.439 	 0.146 	 0
0.440 	 0.073 	 1
0.441 	 0.052 	 1
0.441 	 0.019 	 1
0.441 	 0.066 	 1
0.442 	 0.025 	 0
0.442 	 0.050 	 0
0.445 	 0.098 	 0
0.447 	 0.111 	 0
0.449 	 0.038 	 0
0.449 	 0.088 	 0
0.456 	 0.085 	 1
0.456 	 0.093 	 0
0.459 	 0.014 	 1
0.459 	 0.068 	 1
0.459 	 0.040 	 0
0.461 	 0.021 	 1
0.462 	 0.039 	 0
0.466 	 0.044 	 0
0.466 	 0.123 	 0
0.466 	 0.022 	 0
0.467 	 0.026 	 0
0.473 	 0.041 	 1
0.473 	 0.052 	 0
0.475 	 0.089 	 1
0.476 	 0.117 	 0
0.486 	 0.024 	 0
0.490 	 0.021 	 0
0.493 	 0.083 	 0
0.495 	 0.071 	 0
0.495 	 0.135 	 1
0.502 	 0.073 	 0
0.505 	 0.068 	 0
0.515 	 0.121 	 0
0.519 	 0.032 	 1
0.522 	 0.006 	 0
0.525 	 0.099 	 0
0.527 	 0.072 	 1
0.527 	 0.027 	 1
0.531 	 0.292 	 0
0.537 	 0.218 	 0
0.540 	 0.044 	 0
0.545 	 0.179 	 1
0.559 	 0.033 	 0
0.566 	 0.024 	 0
0.568 	 0.022 	 0
0.570 	 0.026 	 0
0.579 	 0.069 	 1
0.579 	 0.100 	 1
0.603 	 0.142 	 1
